-0.0671471 0.128786 0.00337274 0 0 0 0 0 0
-0.0759878 0.131118 0.00507263 0 0 0 0 0 0
-0.0976723 0.142466 0.0462289 0 0 0 0 0 0
-0.0318852 0.129567 0.0186567 0 0 0 0 0 0
-0.05085 0.127941 0.00800954 0 0 0 0 0 0
-0.0561603 0.126536 0.00789169 0 0 0 0 0 0
0.00616037 0.112035 0.0171049 0 0 0 0 0 0
0.00860365 0.112975 0.00430867 0 0 0 0 0 0
-0.0522001 0.106551 0.0334809 0 0 0 0 0 0
-0.000547688 0.121539 0.0140916 0 0 0 0 0 0
-0.0954174 0.158979 -0.00599928 0 0 0 0 0 0
0.0107618 0.108047 0.0102682 0 0 0 0 0 0
0.0154493 0.099265 -0.00508694 0 0 0 0 0 0
-0.0649827 0.175299 0.00606613 0 0 0 0 0 0
-0.106121 0.126711 0.0549843 0 0 0 0 0 0
-0.0952834 0.114978 0.0548109 0 0 0 0 0 0
-0.0206049 0.13214 0.0111025 0 0 0 0 0 0
0.0105228 0.110497 -0.00231895 0 0 0 0 0 0
0.00675867 0.107164 -0.01998 0 0 0 0 0 0
-0.118931 0.132649 0.0280345 0 0 0 0 0 0
-0.111168 0.105607 0.0289571 0 0 0 0 0 0
-0.0999996 0.153334 0.0235723 0 0 0 0 0 0
-0.111742 0.146156 0.0375847 0 0 0 0 0 0
-0.0241648 0.121605 0.0286091 0 0 0 0 0 0
-0.0185572 0.12173 0.0278223 0 0 0 0 0 0
-0.0630911 0.127554 0.0029475 0 0 0 0 0 0
-0.0798596 0.141156 0.0196999 0 0 0 0 0 0
-0.101062 0.126921 0.0551718 0 0 0 0 0 0
-0.0307127 0.127191 0.0234467 0 0 0 0 0 0
-0.073771 0.12162 0.0268098 0 0 0 0 0 0
-0.109178 0.0969916 -0.0122824 0 0 0 0 0 0
-0.00691419 0.1257 0.0151704 0 0 0 0 0 0
-0.118754 0.123525 0.00745817 0 0 0 0 0 0
0.00971304 0.106948 -0.0149703 0 0 0 0 0 0
-0.118143 0.117092 0.00647654 0 0 0 0 0 0
-0.0641062 0.179415 0.00493057 0 0 0 0 0 0
-0.102495 0.134489 0.0520137 0 0 0 0 0 0
-0.0471998 0.10798 0.0341954 0 0 0 0 0 0
-0.05494 0.185092 -0.0126103 0 0 0 0 0 0
-0.0705012 0.171442 -0.00423802 0 0 0 0 0 0
-0.0628299 0.127195 0.00837266 0 0 0 0 0 0
-0.0187846 0.125338 0.0247086 0 0 0 0 0 0
-0.073961 0.129688 0.0165904 0 0 0 0 0 0
-0.0568382 0.126892 0.00196578 0 0 0 0 0 0
-0.0129658 0.121313 0.0260024 0 0 0 0 0 0
-0.00826836 0.120743 0.0242784 0 0 0 0 0 0
-0.070214 0.16787 0.0106018 0 0 0 0 0 0
-0.118152 0.129179 0.00816924 0 0 0 0 0 0
-0.0817189 0.138406 0.0311897 0 0 0 0 0 0
0.0147827 0.100122 0.00589781 0 0 0 0 0 0
0.0137593 0.104172 -0.00396131 0 0 0 0 0 0
0.0141972 0.0950295 0.0135885 0 0 0 0 0 0
-0.0873539 0.152918 0.0226252 0 0 0 0 0 0
-0.0549206 0.16006 0.000517517 0 0 0 0 0 0
-0.0946891 0.137952 0.0483072 0 0 0 0 0 0
-0.0968122 0.134435 0.0509976 0 0 0 0 0 0
-0.0973719 0.0619007 0.0123608 0 0 0 0 0 0
-0.101048 0.120781 0.0564045 0 0 0 0 0 0
-0.0973197 0.165709 -0.0104402 0 0 0 0 0 0
-0.101355 0.15508 0.0118377 0 0 0 0 0 0
-0.118271 0.110537 0.0434192 0 0 0 0 0 0
-0.0930047 0.153389 0.0232747 0 0 0 0 0 0
0.000443203 0.117747 0.0192973 0 0 0 0 0 0
0.00812669 0.101244 -0.0221706 0 0 0 0 0 0
-0.102604 0.16785 -0.0060571 0 0 0 0 0 0
-0.0360829 0.120732 0.0294967 0 0 0 0 0 0
0.00141432 0.0909862 0.0315003 0 0 0 0 0 0
-0.0475731 0.167173 -0.00894053 0 0 0 0 0 0
-0.0761727 0.167235 0.0118707 0 0 0 0 0 0
-0.111486 0.179265 -0.0243671 0 0 0 0 0 0
-0.115078 0.104716 0.00585204 0 0 0 0 0 0
0.00864529 0.111776 0.010396 0 0 0 0 0 0
0.00584717 0.0974746 0.0256979 0 0 0 0 0 0
-0.101556 0.138193 0.0499066 0 0 0 0 0 0
-0.0709585 0.171874 0.00978998 0 0 0 0 0 0
-0.113709 0.11197 0.00379016 0 0 0 0 0 0
0.0168403 0.0902374 0.00630005 0 0 0 0 0 0
-0.0123569 0.127697 0.0170658 0 0 0 0 0 0
-0.0263007 0.0356955 0.0267939 0 0 0 0 0 0
-0.0209488 0.0371418 0.0251023 0 0 0 0 0 0
-0.0446257 0.130303 0.00184711 0 0 0 0 0 0
-0.0825381 0.154133 0.0183241 0 0 0 0 0 0
-0.0658351 0.180473 0.001076 0 0 0 0 0 0
0.00927416 0.111481 -0.00780808 0 0 0 0 0 0
-0.119114 0.118242 0.0376007 0 0 0 0 0 0
0.0168945 0.0915394 -0.000586057 0 0 0 0 0 0
-0.0601799 0.182756 0.000711665 0 0 0 0 0 0
-0.0987747 0.138156 0.0497154 0 0 0 0 0 0
-0.0844593 0.123449 0.0405873 0 0 0 0 0 0
0.0155582 0.0934615 0.010679 0 0 0 0 0 0
-0.0378455 0.130439 0.0130622 0 0 0 0 0 0
-0.0432856 0.129138 0.0131574 0 0 0 0 0 0
-0.100801 0.153931 0.0184132 0 0 0 0 0 0
-0.0372634 0.124703 0.0253862 0 0 0 0 0 0
-0.0921535 0.147353 0.0404862 0 0 0 0 0 0
-0.0981911 0.147172 0.0410392 0 0 0 0 0 0
-0.00632863 0.116503 0.0261299 0 0 0 0 0 0
-0.0715107 0.174397 0.00672159 0 0 0 0 0 0
-0.0760914 0.172226 0.00585275 0 0 0 0 0 0
-0.081888 0.0334483 0.030623 0 0 0 0 0 0
-0.0759363 0.0342377 0.0306013 0 0 0 0 0 0
-0.108609 0.163531 -0.00328354 0 0 0 0 0 0
-0.102005 0.165414 -0.00305208 0 0 0 0 0 0
0.0110404 0.109107 0.00371722 0 0 0 0 0 0
0.0108088 0.101614 -0.017883 0 0 0 0 0 0
-0.0777476 0.163474 0.0137612 0 0 0 0 0 0
-0.0712243 0.162129 0.0104548 0 0 0 0 0 0
-0.0625614 0.0340631 0.0269755 0 0 0 0 0 0
-0.103908 0.170714 -0.00968016 0 0 0 0 0 0
-0.0498765 0.0821917 0.0413107 0 0 0 0 0 0
-0.118174 0.135208 0.0161991 0 0 0 0 0 0
-0.0420279 0.124034 0.0242237 0 0 0 0 0 0
-0.0688281 0.177277 -0.00212185 0 0 0 0 0 0
-0.117229 0.0924817 0.00732109 0 0 0 0 0 0
-0.0968046 0.157635 0.00013148 0 0 0 0 0 0
-0.101822 0.139397 -0.00164349 0 0 0 0 0 0
-0.108489 0.169839 -0.00962437 0 0 0 0 0 0
0.00245756 0.11407 0.0210219 0 0 0 0 0 0
0.0123266 0.100288 0.0145353 0 0 0 0 0 0
-0.0412845 0.107038 0.035309 0 0 0 0 0 0
-0.0946985 0.108927 0.0533468 0 0 0 0 0 0
-0.0114559 0.109402 0.0303968 0 0 0 0 0 0
-0.0679496 0.172115 0.00952899 0 0 0 0 0 0
-0.0953394 0.121186 -0.00783268 0 0 0 0 0 0
-0.107871 0.175287 -0.0336525 0 0 0 0 0 0
-0.119401 0.13986 0.0335319 0 0 0 0 0 0
-0.0172768 0.10912 0.0320376 0 0 0 0 0 0
0.000704693 0.107643 -0.0252719 0 0 0 0 0 0
0.0115992 0.107083 -0.0101112 0 0 0 0 0 0
-0.0230519 0.108461 0.0344582 0 0 0 0 0 0
-0.0918907 0.141504 0.044801 0 0 0 0 0 0
-0.0958184 0.121491 0.0536458 0 0 0 0 0 0
-0.0441894 0.12995 0.00756548 0 0 0 0 0 0
-0.0269657 0.133223 0.00644865 0 0 0 0 0 0
-0.0897443 0.144646 0.0427392 0 0 0 0 0 0
0.00660688 0.114384 0.0118589 0 0 0 0 0 0
-0.00341188 0.0370909 0.0163171 0 0 0 0 0 0
-0.0103113 0.0889301 0.0381569 0 0 0 0 0 0
-0.0352729 0.108298 0.0355743 0 0 0 0 0 0
0.0133581 0.10255 0.00842812 0 0 0 0 0 0
0.0134303 0.104349 0.00224804 0 0 0 0 0 0
-0.107805 0.114047 -0.00255784 0 0 0 0 0 0
-0.109093 0.138485 0.00158445 0 0 0 0 0 0
-0.0236745 0.114266 -0.0275995 0 0 0 0 0 0
-0.019613 0.130048 0.0173746 0 0 0 0 0 0
-0.0256608 0.130426 0.0175984 0 0 0 0 0 0
-0.0321281 0.131539 0.0124231 0 0 0 0 0 0
-0.0674598 0.123511 0.0208541 0 0 0 0 0 0
-0.0483313 0.121085 0.0242423 0 0 0 0 0 0
-0.0944578 0.153995 0.0178156 0 0 0 0 0 0
-0.074733 0.128828 0.0226209 0 0 0 0 0 0
-0.0770805 0.0381817 0.0298735 0 0 0 0 0 0
-0.0328515 0.13254 0.00666493 0 0 0 0 0 0
-0.11737 0.132169 0.0335732 0 0 0 0 0 0
-0.0404138 0.128965 -0.0112922 0 0 0 0 0 0
-0.0698888 0.0331806 0.0281747 0 0 0 0 0 0
-0.102492 0.189423 -0.0433304 0 0 0 0 0 0
-0.0612137 0.122644 0.0203523 0 0 0 0 0 0
-0.110418 0.143042 0.0421139 0 0 0 0 0 0
-0.11747 0.0913441 0.013983 0 0 0 0 0 0
-0.063662 0.127069 -0.0030518 0 0 0 0 0 0
-0.114081 0.105965 0.00324205 0 0 0 0 0 0
-0.0771342 0.155015 0.0155951 0 0 0 0 0 0
-0.00736528 0.123201 0.0204533 0 0 0 0 0 0
-0.053261 0.113879 0.0291238 0 0 0 0 0 0
-0.0482966 0.114918 0.030307 0 0 0 0 0 0
-0.0460312 0.111941 0.0327767 0 0 0 0 0 0
-0.100826 0.108894 0.0536403 0 0 0 0 0 0
-0.0151862 0.0364531 0.0234645 0 0 0 0 0 0
-0.0838453 0.158625 0.0157871 0 0 0 0 0 0
-0.0774701 0.160685 0.0147501 0 0 0 0 0 0
-0.0863831 0.151424 0.0279171 0 0 0 0 0 0
0.00313454 0.118707 0.0117843 0 0 0 0 0 0
0.00714882 0.11136 -0.0133975 0 0 0 0 0 0
-0.111952 0.137908 0.00447516 0 0 0 0 0 0
-0.10116 0.114761 0.055566 0 0 0 0 0 0
0.00300066 0.112998 -0.0192039 0 0 0 0 0 0
0.0165919 0.0927003 -0.00646697 0 0 0 0 0 0
-0.101567 0.0984201 -0.017934 0 0 0 0 0 0
-0.106553 0.0971406 -0.0152313 0 0 0 0 0 0
-0.0887407 0.154951 0.0174317 0 0 0 0 0 0
-0.0944705 0.153599 0.010514 0 0 0 0 0 0
-0.103516 0.0898306 0.0341292 0 0 0 0 0 0
-0.116973 0.135493 0.0103199 0 0 0 0 0 0
-0.0695858 0.0381225 0.0275862 0 0 0 0 0 0
-0.0645956 0.0412622 0.0251898 0 0 0 0 0 0
-0.0980738 0.163183 -0.00479954 0 0 0 0 0 0
-0.0551096 0.0327949 0.0329863 0 0 0 0 0 0
-0.0502076 0.0395774 0.0336989 0 0 0 0 0 0
-0.0501093 0.0334806 0.0351832 0 0 0 0 0 0
-0.0449287 0.040326 0.0340886 0 0 0 0 0 0
-0.0378187 0.039345 0.0318263 0 0 0 0 0 0
-0.0334404 0.0385034 0.0300496 0 0 0 0 0 0
-0.0273825 0.0399419 0.0275224 0 0 0 0 0 0
-0.0145003 0.0423361 0.0259735 0 0 0 0 0 0
-0.00604247 0.108467 0.0289723 0 0 0 0 0 0
-0.0427757 0.127517 0.0181744 0 0 0 0 0 0
-0.0812894 0.14097 0.0259332 0 0 0 0 0 0
-0.100401 0.183562 -0.039338 0 0 0 0 0 0
-0.0695014 0.175335 -0.00311894 0 0 0 0 0 0
-0.0796532 0.126118 0.0349732 0 0 0 0 0 0
-0.0918023 0.124176 0.0476348 0 0 0 0 0 0
-0.119384 0.112923 0.0304577 0 0 0 0 0 0
0.0154588 0.0937639 -0.0122739 0 0 0 0 0 0
-0.0290876 0.108525 0.0353556 0 0 0 0 0 0
-0.0773498 0.163845 -0.000543686 0 0 0 0 0 0
-0.0727571 0.164128 -0.00386783 0 0 0 0 0 0
-0.0772142 0.0650168 0.0292208 0 0 0 0 0 0
-0.0704989 0.10035 -0.0283964 0 0 0 0 0 0
-0.0947906 0.128909 0.0509741 0 0 0 0 0 0
-0.106222 0.176782 -0.0389138 0 0 0 0 0 0
-0.0295852 0.121061 0.0296134 0 0 0 0 0 0
-0.0700727 0.129298 0.00401483 0 0 0 0 0 0
-0.102005 0.141361 0.0471901 0 0 0 0 0 0
-0.102186 0.162117 0.0012996 0 0 0 0 0 0
-0.082914 0.0383057 0.0292543 0 0 0 0 0 0
-0.0509821 0.128354 0.00193101 0 0 0 0 0 0
-0.0323435 0.042186 0.029402 0 0 0 0 0 0
-0.0209768 0.0412147 0.0268615 0 0 0 0 0 0
-0.107021 0.141099 0.0460175 0 0 0 0 0 0
-0.106985 0.120874 0.0558385 0 0 0 0 0 0
-0.029724 0.114145 -0.0277694 0 0 0 0 0 0
-0.106586 0.0920613 -0.0164994 0 0 0 0 0 0
-0.10104 0.0925867 -0.0200027 0 0 0 0 0 0
-0.098989 0.161102 -0.000299942 0 0 0 0 0 0
-0.0468304 0.081612 0.0442001 0 0 0 0 0 0
-0.0276161 0.0932622 0.0412514 0 0 0 0 0 0
0.0182604 0.0711885 0.00633838 0 0 0 0 0 0
-0.0769554 0.0423065 0.0263786 0 0 0 0 0 0
-0.0713348 0.041868 0.0260332 0 0 0 0 0 0
-0.100425 0.157091 0.00671156 0 0 0 0 0 0
-0.118195 0.145064 0.0317236 0 0 0 0 0 0
-0.0985137 0.150537 0.0350721 0 0 0 0 0 0
-0.104652 0.149501 0.035768 0 0 0 0 0 0
-0.0328103 0.0927697 0.04175 0 0 0 0 0 0
-0.00100532 0.12132 -0.0123632 0 0 0 0 0 0
-0.118807 0.111108 0.0368901 0 0 0 0 0 0
-0.0569689 0.039754 0.0296583 0 0 0 0 0 0
-0.0603915 0.10899 0.031446 0 0 0 0 0 0
-0.0786112 0.108604 0.0336683 0 0 0 0 0 0
0.0135114 0.0891028 -0.0185744 0 0 0 0 0 0
-0.0486728 0.124579 0.0193127 0 0 0 0 0 0
0.00684966 0.0446585 0.0067387 0 0 0 0 0 0
-0.0772302 0.157605 -0.000567375 0 0 0 0 0 0
-0.061922 0.178576 -0.00844486 0 0 0 0 0 0
-0.0054718 0.0975916 -0.0348918 0 0 0 0 0 0
-0.0631475 0.0996488 -0.0307284 0 0 0 0 0 0
-0.119234 0.146457 0.0239492 0 0 0 0 0 0
0.0105193 0.105479 0.0150978 0 0 0 0 0 0
-0.0197075 0.127889 0.0217391 0 0 0 0 0 0
-0.0592483 0.102145 -0.0326272 0 0 0 0 0 0
-0.0516881 0.0421175 0.0319112 0 0 0 0 0 0
-0.0388117 0.0431909 0.0305058 0 0 0 0 0 0
-0.0267684 0.0428703 0.0299681 0 0 0 0 0 0
-0.019944 0.0433158 0.0304456 0 0 0 0 0 0
-0.0163297 0.0432726 0.0291635 0 0 0 0 0 0
-0.0856494 0.144051 0.0390984 0 0 0 0 0 0
-0.0974829 0.12737 0.0537442 0 0 0 0 0 0
-0.111433 0.0960714 -0.00949797 0 0 0 0 0 0
0.0121945 0.0465683 0.0077159 0 0 0 0 0 0
-0.058301 0.186275 -0.000406725 0 0 0 0 0 0
-0.0560675 0.186641 -0.000778209 0 0 0 0 0 0
-0.0248071 0.127638 0.0228185 0 0 0 0 0 0
-0.0938533 0.150727 0.00409882 0 0 0 0 0 0
-0.0835824 0.0416263 0.0260354 0 0 0 0 0 0
-0.059775 0.042703 0.0255869 0 0 0 0 0 0
-0.0432655 0.0435139 0.0312851 0 0 0 0 0 0
-0.0320734 0.0468301 0.0340191 0 0 0 0 0 0
-0.0264529 0.0461519 0.034327 0 0 0 0 0 0
-0.0207328 0.0467156 0.0338792 0 0 0 0 0 0
-0.0146852 0.0472336 0.0316819 0 0 0 0 0 0
0.0144317 0.0996431 -0.0110298 0 0 0 0 0 0
-0.116924 0.108244 0.0170892 0 0 0 0 0 0
-0.115696 0.137143 0.0410388 0 0 0 0 0 0
0.0160018 0.0957408 0.00641337 0 0 0 0 0 0
0.014868 0.101019 0.00145152 0 0 0 0 0 0
-0.0963555 0.15445 0.005672 0 0 0 0 0 0
-0.0765164 0.0447312 0.0233722 0 0 0 0 0 0
-0.0579314 0.0479501 0.0234454 0 0 0 0 0 0
-0.0666649 0.126343 0.0156176 0 0 0 0 0 0
-0.0343448 0.0955161 0.0377452 0 0 0 0 0 0
-0.0701917 0.127496 0.0143419 0 0 0 0 0 0
-0.102787 0.159469 0.00490777 0 0 0 0 0 0
-0.050798 0.0454252 0.0285028 0 0 0 0 0 0
-0.0452548 0.0472981 0.0291736 0 0 0 0 0 0
-0.0407856 0.0456363 0.0305409 0 0 0 0 0 0
-0.0384905 0.0474734 0.0331219 0 0 0 0 0 0
-0.0944619 0.15195 -0.00127751 0 0 0 0 0 0
-0.120359 0.123124 0.0115537 0 0 0 0 0 0
-0.0586551 0.101219 -0.0379928 0 0 0 0 0 0
-0.107833 0.18238 -0.0388289 0 0 0 0 0 0
-0.089994 0.144421 0.00263311 0 0 0 0 0 0
-0.122233 0.11972 0.0268345 0 0 0 0 0 0
0.00283984 0.11801 -0.0117666 0 0 0 0 0 0
-0.0794087 0.132616 0.0295337 0 0 0 0 0 0
-0.0356489 0.117511 0.0319282 0 0 0 0 0 0
-0.0954545 0.160767 -0.0168536 0 0 0 0 0 0
-0.113862 0.101918 0.0214448 0 0 0 0 0 0
-0.116628 0.131824 0.0398749 0 0 0 0 0 0
-0.0551473 0.122277 0.0193147 0 0 0 0 0 0
0.00843862 0.0515365 0.0114683 0 0 0 0 0 0
0.0142595 0.0516751 0.0100438 0 0 0 0 0 0
0.018972 0.0532955 0.00953373 0 0 0 0 0 0
-0.0674742 0.112994 0.0302409 0 0 0 0 0 0
-0.0987679 0.163035 -0.0294905 0 0 0 0 0 0
0.00186233 0.09772 0.0291814 0 0 0 0 0 0
-0.0609779 0.183457 -0.00572617 0 0 0 0 0 0
-0.101431 0.0877831 0.035614 0 0 0 0 0 0
-0.0148889 0.129266 0.015941 0 0 0 0 0 0
-0.0405845 0.0945721 0.0373603 0 0 0 0 0 0
-0.0377462 0.128753 0.0185557 0 0 0 0 0 0
-0.0764741 0.0480044 0.0202552 0 0 0 0 0 0
-0.0709586 0.0479855 0.0242894 0 0 0 0 0 0
-0.065697 0.048337 0.0252101 0 0 0 0 0 0
-0.0518814 0.0488811 0.0237705 0 0 0 0 0 0
0.0131324 0.0992281 -0.0152963 0 0 0 0 0 0
-0.107576 0.104293 0.0466492 0 0 0 0 0 0
-0.121112 0.11599 0.0131485 0 0 0 0 0 0
-0.0312834 0.118154 0.0318321 0 0 0 0 0 0
-0.0146351 0.130665 0.0099564 0 0 0 0 0 0
-0.0482506 0.165758 -0.00432412 0 0 0 0 0 0
-0.10903 0.14999 0.00563581 0 0 0 0 0 0
-0.116888 0.124838 0.00337501 0 0 0 0 0 0
-0.0125536 0.124903 0.0221645 0 0 0 0 0 0
-0.0667157 0.120843 0.0245391 0 0 0 0 0 0
-0.0664481 0.117724 0.0273804 0 0 0 0 0 0
-0.0599273 0.117024 0.0265161 0 0 0 0 0 0
-0.0421572 0.119962 0.0285729 0 0 0 0 0 0
-0.0844363 0.111491 0.0386501 0 0 0 0 0 0
-0.0965617 0.166893 -0.0160182 0 0 0 0 0 0
-0.107769 0.132908 0.0512146 0 0 0 0 0 0
0.00836813 0.0989056 0.0221533 0 0 0 0 0 0
0.00385536 0.111267 0.0213543 0 0 0 0 0 0
-0.0606134 0.113636 0.0291352 0 0 0 0 0 0
-0.0873549 0.147927 0.0384809 0 0 0 0 0 0
-0.0731326 0.049556 0.0230023 0 0 0 0 0 0
-0.0897984 0.156201 0.0109995 0 0 0 0 0 0
-0.0453447 0.052967 0.0308253 0 0 0 0 0 0
-0.10767 0.115126 0.0539957 0 0 0 0 0 0
-0.0732245 0.108723 0.0329699 0 0 0 0 0 0
-0.0454751 0.186802 -0.0190095 0 0 0 0 0 0
0.00293131 0.0981784 -0.030275 0 0 0 0 0 0
-0.117238 0.0976499 0.0151364 0 0 0 0 0 0
-0.00288772 0.123515 0.0138986 0 0 0 0 0 0
-0.117129 0.0988299 0.00871446 0 0 0 0 0 0
-0.0932417 0.150649 0.0345019 0 0 0 0 0 0
-0.107471 0.153201 0.0121843 0 0 0 0 0 0
-0.085967 0.149634 0.0334028 0 0 0 0 0 0
-0.0557172 0.125242 0.0135788 0 0 0 0 0 0
-0.105141 0.151453 0.0303464 0 0 0 0 0 0
-0.111655 0.174025 -0.026541 0 0 0 0 0 0
-0.107937 0.102781 -0.0106976 0 0 0 0 0 0
-0.0390419 0.0532893 0.0362342 0 0 0 0 0 0
-0.0337144 0.0517925 0.0369681 0 0 0 0 0 0
-0.0269658 0.052147 0.0371678 0 0 0 0 0 0
-0.0205249 0.0515593 0.0358488 0 0 0 0 0 0
-0.0148538 0.0531073 0.0346375 0 0 0 0 0 0
0.0102256 0.0896926 -0.024394 0 0 0 0 0 0
0.0134976 0.0579642 0.0109559 0 0 0 0 0 0
-0.101762 0.130131 0.0541284 0 0 0 0 0 0
-0.0638125 0.124293 -0.0104645 0 0 0 0 0 0
-0.0433635 0.0809344 0.0458838 0 0 0 0 0 0
-0.106757 0.160759 0.00172631 0 0 0 0 0 0
-0.0928242 0.152275 0.0293092 0 0 0 0 0 0
-0.103765 0.146692 0.0409112 0 0 0 0 0 0
-0.0368628 0.126963 0.0226603 0 0 0 0 0 0
-0.00334992 0.118913 -0.0182352 0 0 0 0 0 0
-0.0700225 0.0547587 0.0262702 0 0 0 0 0 0
-0.0652335 0.0533351 0.0269658 0 0 0 0 0 0
-0.0589294 0.0543356 0.0249522 0 0 0 0 0 0
-0.0523031 0.0548495 0.0238573 0 0 0 0 0 0
-0.0527912 0.120685 0.0225777 0 0 0 0 0 0
-0.111253 0.149845 0.0304079 0 0 0 0 0 0
-0.039251 0.131771 0.00126259 0 0 0 0 0 0
-0.00853555 0.128118 0.00927569 0 0 0 0 0 0
-0.071912 0.175756 0.00149952 0 0 0 0 0 0
-0.0550629 0.109883 0.0312161 0 0 0 0 0 0
-0.04666 0.118876 0.0278529 0 0 0 0 0 0
-0.10564 0.17115 -0.0398882 0 0 0 0 0 0
-0.0810821 0.148023 0.0208978 0 0 0 0 0 0
-0.0424731 0.116414 0.031265 0 0 0 0 0 0
0.0205958 0.0589373 0.00991706 0 0 0 0 0 0
-0.10443 0.0669712 0.00774954 0 0 0 0 0 0
-0.044149 0.180294 -0.0191218 0 0 0 0 0 0
-0.0548032 0.189033 -0.00464592 0 0 0 0 0 0
-0.102067 0.0818726 0.0344322 0 0 0 0 0 0
-0.081581 0.0525509 -0.00127134 0 0 0 0 0 0
-0.0509175 0.126333 0.0142612 0 0 0 0 0 0
-0.110138 0.147823 0.0358766 0 0 0 0 0 0
-0.0521642 0.127524 -0.00428064 0 0 0 0 0 0
-0.0576601 0.126365 -0.00423197 0 0 0 0 0 0
-0.0642934 0.1814 -0.0033026 0 0 0 0 0 0
-0.0308866 0.0536996 0.0388625 0 0 0 0 0 0
-0.0245039 0.0542541 0.0384512 0 0 0 0 0 0
-0.0206271 0.0542637 0.0380795 0 0 0 0 0 0
-0.0785131 0.113127 0.0332198 0 0 0 0 0 0
-0.0262636 0.132209 0.0121298 0 0 0 0 0 0
0.0159437 0.0972712 0.001086 0 0 0 0 0 0
-0.117051 0.110184 0.0110065 0 0 0 0 0 0
-0.102687 0.146958 -0.00736158 0 0 0 0 0 0
-0.108246 0.0888033 0.0302713 0 0 0 0 0 0
-0.0545197 0.117965 0.0253354 0 0 0 0 0 0
-0.0823126 0.145853 0.0313908 0 0 0 0 0 0
-0.110477 0.101456 -0.00798895 0 0 0 0 0 0
-0.0176424 0.117463 0.0300335 0 0 0 0 0 0
-0.023637 0.114331 0.0327738 0 0 0 0 0 0
-0.121466 0.114182 0.0246678 0 0 0 0 0 0
-0.0675097 0.108515 0.0326228 0 0 0 0 0 0
-0.111569 0.151108 0.0245952 0 0 0 0 0 0
-0.0970387 0.1616 -0.0237291 0 0 0 0 0 0
-0.0775911 0.127766 -0.00773986 0 0 0 0 0 0
-0.0538394 0.163277 0.00140101 0 0 0 0 0 0
-0.101865 0.18127 -0.0333688 0 0 0 0 0 0
-0.105656 0.152691 0.0244767 0 0 0 0 0 0
-0.0981168 0.15426 -0.0184013 0 0 0 0 0 0
-0.0848529 0.0575542 0.0103012 0 0 0 0 0 0
-0.0613285 0.119867 0.0242111 0 0 0 0 0 0
-0.11255 0.151081 0.0191119 0 0 0 0 0 0
-0.0775694 0.128169 0.0309156 0 0 0 0 0 0
-0.0211426 0.133124 0.00532291 0 0 0 0 0 0
-0.0391346 0.0582681 0.0386208 0 0 0 0 0 0
-0.0321814 0.0586949 0.0403238 0 0 0 0 0 0
-0.0266558 0.0578172 0.0401785 0 0 0 0 0 0
-0.020512 0.0583593 0.0397442 0 0 0 0 0 0
-0.0162081 0.0595817 0.0384399 0 0 0 0 0 0
-0.0407879 0.112798 0.0333895 0 0 0 0 0 0
-0.0294234 0.114133 0.0337031 0 0 0 0 0 0
-0.035089 0.113729 0.0337085 0 0 0 0 0 0
-0.0799664 0.0557084 0.00898777 0 0 0 0 0 0
-0.115684 0.0965737 0.0210249 0 0 0 0 0 0
-0.0647225 0.106484 -0.0272916 0 0 0 0 0 0
0.0162067 0.0610873 0.00955749 0 0 0 0 0 0
0.0259117 0.0594353 0.00699382 0 0 0 0 0 0
0.0103275 0.0953377 -0.0236843 0 0 0 0 0 0
-0.0842447 0.0590448 0.016676 0 0 0 0 0 0
-0.0791267 0.0564279 0.0152115 0 0 0 0 0 0
-0.0768177 0.133918 0.0177807 0 0 0 0 0 0
-0.0215977 0.0928504 0.0404082 0 0 0 0 0 0
-0.0119517 0.117227 0.0280638 0 0 0 0 0 0
-0.0703005 0.0595728 0.0275941 0 0 0 0 0 0
-0.06417 0.0595096 0.0292821 0 0 0 0 0 0
-0.0580454 0.0599522 0.0268989 0 0 0 0 0 0
-0.0520509 0.060406 0.026237 0 0 0 0 0 0
-0.116093 0.14365 0.0361178 0 0 0 0 0 0
-0.0957345 0.145467 -0.00235265 0 0 0 0 0 0
-0.0239799 0.117943 0.0308497 0 0 0 0 0 0
-0.108369 0.12903 0.0528017 0 0 0 0 0 0
-0.0301831 0.124587 0.0266405 0 0 0 0 0 0
0.00460835 0.114556 -0.0144908 0 0 0 0 0 0
-0.00491547 0.111946 0.0272053 0 0 0 0 0 0
-0.0705895 0.165467 -0.00513687 0 0 0 0 0 0
-0.0780855 0.0602717 0.0233861 0 0 0 0 0 0
-0.00341481 0.125187 0.00777217 0 0 0 0 0 0
-0.074761 0.130867 0.0109839 0 0 0 0 0 0
-0.107036 0.155579 0.00677434 0 0 0 0 0 0
-0.107749 0.161302 -0.0170194 0 0 0 0 0 0
-0.113326 0.101785 -0.00336359 0 0 0 0 0 0
-0.112778 0.181705 -0.0307571 0 0 0 0 0 0
-0.0181191 0.113734 0.0313533 0 0 0 0 0 0
-0.0541517 0.190082 -0.0100783 0 0 0 0 0 0
-0.073903 0.116562 0.0281414 0 0 0 0 0 0
-0.0828077 0.126634 -0.00727408 0 0 0 0 0 0
-0.0109321 0.113674 -0.0258892 0 0 0 0 0 0
-0.122414 0.121089 0.0204566 0 0 0 0 0 0
0.0149448 0.065393 0.00930066 0 0 0 0 0 0
0.0200836 0.0654777 0.00827593 0 0 0 0 0 0
0.026023 0.0648339 0.00734339 0 0 0 0 0 0
-0.078506 0.16947 0.00666499 0 0 0 0 0 0
-0.116096 0.0941719 0.00209456 0 0 0 0 0 0
-0.111222 0.166037 -0.0149475 0 0 0 0 0 0
-0.0704471 0.129003 -0.0024944 0 0 0 0 0 0
-0.0518012 0.0710159 0.0344368 0 0 0 0 0 0
-0.0905737 0.111602 -0.0184142 0 0 0 0 0 0
-0.105527 0.113412 -0.00571085 0 0 0 0 0 0
-0.0957016 0.0937097 -0.0223533 0 0 0 0 0 0
-0.064831 0.0956395 -0.0322474 0 0 0 0 0 0
-0.0203432 0.0640202 0.0405188 0 0 0 0 0 0
-0.0134255 0.0585412 0.0363202 0 0 0 0 0 0
0.0132397 0.10322 -0.0102194 0 0 0 0 0 0
-0.0995959 0.152081 0.0302029 0 0 0 0 0 0
-0.0835119 0.0649604 0.029343 0 0 0 0 0 0
-0.101312 0.11479 -0.00838175 0 0 0 0 0 0
-0.0898445 0.0937543 -0.0251239 0 0 0 0 0 0
-0.0761612 0.0940638 -0.0276066 0 0 0 0 0 0
-0.0739703 0.0614244 0.0265828 0 0 0 0 0 0
-0.0249038 0.124721 0.0260847 0 0 0 0 0 0
-0.00374633 0.1201 0.0216643 0 0 0 0 0 0
-0.0738825 0.113114 0.0304325 0 0 0 0 0 0
-0.120023 0.138762 0.0287469 0 0 0 0 0 0
-0.118603 0.138128 0.0347671 0 0 0 0 0 0
-0.0793802 0.143136 0.0146085 0 0 0 0 0 0
-0.109572 0.158182 -0.0044172 0 0 0 0 0 0
-0.115649 0.104065 0.0100396 0 0 0 0 0 0
-0.113516 0.131993 0.00303401 0 0 0 0 0 0
-0.0705579 0.112322 -0.0228904 0 0 0 0 0 0
-0.112812 0.119513 0.00018362 0 0 0 0 0 0
-0.0439109 0.0983925 -0.0462033 0 0 0 0 0 0
-0.041513 0.100404 -0.0448829 0 0 0 0 0 0
-0.0896416 0.116019 -0.016094 0 0 0 0 0 0
-0.0183319 0.113788 -0.0274064 0 0 0 0 0 0
-0.0358449 0.113297 -0.0288433 0 0 0 0 0 0
-0.0658013 0.0657571 0.0312505 0 0 0 0 0 0
-0.0584907 0.0663394 0.0295474 0 0 0 0 0 0
-0.052272 0.0656938 0.0288148 0 0 0 0 0 0
-0.044444 0.12549 0.02092 0 0 0 0 0 0
-0.0483048 0.127957 0.0120715 0 0 0 0 0 0
-0.0386418 0.0630291 0.0406531 0 0 0 0 0 0
-0.0328519 0.0641634 0.0420743 0 0 0 0 0 0
-0.026433 0.0645514 0.0427431 0 0 0 0 0 0
-0.0153194 0.0657119 0.0398518 0 0 0 0 0 0
-0.0135111 0.0639238 0.0384011 0 0 0 0 0 0
-0.0637818 0.15535 0.00283606 0 0 0 0 0 0
0.0161591 0.0892954 0.0100739 0 0 0 0 0 0
-0.0898062 0.127279 -0.00533215 0 0 0 0 0 0
-0.0528775 0.114065 -0.0263931 0 0 0 0 0 0
-0.0703012 0.0947349 -0.0291667 0 0 0 0 0 0
-0.111701 0.113897 0.000651564 0 0 0 0 0 0
-0.0701438 0.157684 -0.00267923 0 0 0 0 0 0
-0.035667 0.099648 -0.0447496 0 0 0 0 0 0
-0.0234447 0.108628 -0.0308195 0 0 0 0 0 0
-0.0716404 0.0648754 0.0302562 0 0 0 0 0 0
-0.105156 0.144235 0.0436399 0 0 0 0 0 0
-0.0118254 0.113398 0.029339 0 0 0 0 0 0
-0.106762 0.108494 -0.0081226 0 0 0 0 0 0
-0.114885 0.129853 0.0461774 0 0 0 0 0 0
-0.101623 0.133208 -0.00371409 0 0 0 0 0 0
0.0152734 0.0711168 0.0102125 0 0 0 0 0 0
0.0244129 0.0702241 0.00580283 0 0 0 0 0 0
-0.118299 0.116918 0.0440288 0 0 0 0 0 0
-0.0147102 0.1273 0.0203146 0 0 0 0 0 0
-0.101664 0.127499 -0.00505118 0 0 0 0 0 0
-0.101402 0.120861 -0.00594436 0 0 0 0 0 0
-0.103003 0.109174 -0.0111375 0 0 0 0 0 0
-0.101806 0.172266 -0.0460737 0 0 0 0 0 0
0.0189026 0.0737902 0.00295987 0 0 0 0 0 0
-0.0832549 0.151225 0.0221793 0 0 0 0 0 0
-0.0379134 0.0658207 0.0420433 0 0 0 0 0 0
-0.071102 0.122883 -0.0138562 0 0 0 0 0 0
-0.0611736 0.0971397 -0.0400728 0 0 0 0 0 0
-0.0433943 0.17443 -0.0149434 0 0 0 0 0 0
-0.0767855 0.169521 0.00139968 0 0 0 0 0 0
-0.0828969 0.162812 0.00512857 0 0 0 0 0 0
-0.107683 0.189443 -0.0418042 0 0 0 0 0 0
-0.0999216 0.175773 -0.0277639 0 0 0 0 0 0
-0.0387383 0.131348 0.00733784 0 0 0 0 0 0
-0.031219 0.0986577 -0.0441374 0 0 0 0 0 0
-0.060188 0.172008 -0.00971535 0 0 0 0 0 0
-0.0840425 0.156364 0.00387832 0 0 0 0 0 0
-0.107283 0.133108 -0.00148098 0 0 0 0 0 0
-0.102205 0.0672012 0.0196196 0 0 0 0 0 0
-0.041326 0.113566 -0.028545 0 0 0 0 0 0
-0.0831463 0.150575 0.00360051 0 0 0 0 0 0
-0.0505426 0.190269 -0.0113296 0 0 0 0 0 0
-0.044448 0.0643255 0.0389882 0 0 0 0 0 0
-0.106277 0.110816 0.0519715 0 0 0 0 0 0
-0.0949618 0.153057 -0.00721052 0 0 0 0 0 0
-0.110043 0.101607 0.0278809 0 0 0 0 0 0
-0.0445628 0.169314 -0.0132637 0 0 0 0 0 0
-0.0282731 0.0962828 0.036866 0 0 0 0 0 0
-0.089201 0.0618825 0.0226328 0 0 0 0 0 0
-0.0829906 0.093419 -0.0268251 0 0 0 0 0 0
-0.0779024 0.068306 0.0327575 0 0 0 0 0 0
-0.0714012 0.0701068 0.0328313 0 0 0 0 0 0
-0.0462253 0.069435 0.0411752 0 0 0 0 0 0
-0.0387492 0.0694746 0.043791 0 0 0 0 0 0
-0.0325328 0.0697535 0.0444396 0 0 0 0 0 0
-0.0264684 0.0699117 0.0447241 0 0 0 0 0 0
-0.0202345 0.0707742 0.0423057 0 0 0 0 0 0
-0.0152151 0.070935 0.0409193 0 0 0 0 0 0
-0.0586708 0.158454 0.0022497 0 0 0 0 0 0
-0.10064 0.178242 -0.0458435 0 0 0 0 0 0
-0.117069 0.141881 0.017627 0 0 0 0 0 0
-0.0987625 0.171212 -0.0361366 0 0 0 0 0 0
0.00673191 0.115129 -0.00725685 0 0 0 0 0 0
-0.105987 0.145592 -0.000932952 0 0 0 0 0 0
-0.0576946 0.187647 -0.00296164 0 0 0 0 0 0
-0.107774 0.0697303 0.00890601 0 0 0 0 0 0
-0.0894177 0.0701082 0.0332233 0 0 0 0 0 0
-0.0836679 0.0693072 0.0339549 0 0 0 0 0 0
-0.0772094 0.0713006 0.0349129 0 0 0 0 0 0
-0.0732962 0.0710462 0.0343904 0 0 0 0 0 0
-0.0663834 0.0718566 0.0334194 0 0 0 0 0 0
-0.0643972 0.0701444 0.0324814 0 0 0 0 0 0
-0.058551 0.0715724 0.0310546 0 0 0 0 0 0
-0.0994746 0.172198 -0.0419748 0 0 0 0 0 0
0.0066455 0.0964115 -0.0277694 0 0 0 0 0 0
-0.0885251 0.0344768 0.0252261 0 0 0 0 0 0
-0.0840976 0.124635 -0.00963091 0 0 0 0 0 0
-0.108793 0.169495 -0.0251582 0 0 0 0 0 0
-0.0788834 0.138765 0.0128253 0 0 0 0 0 0
-0.0810819 0.166887 0.00761273 0 0 0 0 0 0
-0.106774 0.169809 -0.0334921 0 0 0 0 0 0
-0.0029109 0.121672 0.0184116 0 0 0 0 0 0
-0.0430463 0.0710625 0.0440021 0 0 0 0 0 0
-0.0579215 0.12472 -0.0105602 0 0 0 0 0 0
-0.0949853 0.159869 -0.0117943 0 0 0 0 0 0
-0.108971 0.104395 0.0334891 0 0 0 0 0 0
-0.10546 0.165776 -0.0403238 0 0 0 0 0 0
-0.0975843 0.169886 -0.028875 0 0 0 0 0 0
-0.11541 0.108713 0.0289156 0 0 0 0 0 0
-0.082289 0.0723343 0.0359617 0 0 0 0 0 0
-0.0548998 0.0733527 0.0316801 0 0 0 0 0 0
-0.092672 0.0807297 0.0385397 0 0 0 0 0 0
-0.120915 0.128402 0.0217927 0 0 0 0 0 0
-0.115593 0.107748 0.0230764 0 0 0 0 0 0
-0.0785317 0.137564 0.0185942 0 0 0 0 0 0
-0.0658502 0.17724 -0.0055441 0 0 0 0 0 0
-0.115892 0.149269 0.0249564 0 0 0 0 0 0
-0.103963 0.0939857 0.0337909 0 0 0 0 0 0
-0.121968 0.115131 0.0192725 0 0 0 0 0 0
-0.112333 0.103848 0.0239569 0 0 0 0 0 0
-0.0447932 0.0748607 0.0453228 0 0 0 0 0 0
-0.0386475 0.0749829 0.0457698 0 0 0 0 0 0
-0.0326392 0.0751862 0.0456022 0 0 0 0 0 0
-0.0266992 0.0754686 0.0447954 0 0 0 0 0 0
-0.0203255 0.0754316 0.0433803 0 0 0 0 0 0
-0.0157243 0.0770595 0.0420532 0 0 0 0 0 0
-0.0138061 0.0756624 0.0405768 0 0 0 0 0 0
-0.0711911 0.127357 -0.00830455 0 0 0 0 0 0
-0.121462 0.122585 0.0143759 0 0 0 0 0 0
-0.0719444 0.123783 0.0215423 0 0 0 0 0 0
-0.1121 0.106683 -0.00170704 0 0 0 0 0 0
-0.0911725 0.0742104 0.0360496 0 0 0 0 0 0
-0.0887845 0.0768715 0.0378759 0 0 0 0 0 0
-0.083337 0.076045 0.037127 0 0 0 0 0 0
-0.0768791 0.0758596 0.0370773 0 0 0 0 0 0
-0.0716294 0.0768069 0.036003 0 0 0 0 0 0
-0.0675221 0.0755405 0.0336629 0 0 0 0 0 0
-0.0654913 0.0773829 0.0345914 0 0 0 0 0 0
-0.0614895 0.0770604 0.0344476 0 0 0 0 0 0
-0.0573415 0.0773337 0.0327026 0 0 0 0 0 0
-0.11509 0.148365 0.0303641 0 0 0 0 0 0
-0.0502057 0.111346 0.031586 0 0 0 0 0 0
-0.101616 0.103425 0.0465964 0 0 0 0 0 0
-0.108058 0.151044 0.000692453 0 0 0 0 0 0
-0.109979 0.167546 -0.0209902 0 0 0 0 0 0
-0.0533075 0.0771044 0.0364858 0 0 0 0 0 0
-0.11562 0.100476 0.00317324 0 0 0 0 0 0
-0.003489 0.0780219 0.0355853 0 0 0 0 0 0
-0.11106 0.143238 0.00565191 0 0 0 0 0 0
-0.0231856 0.129824 -0.0129472 0 0 0 0 0 0
-0.00952875 0.0774493 0.0386822 0 0 0 0 0 0
-0.0965424 0.167418 -0.0223198 0 0 0 0 0 0
-0.10839 0.146184 0.0398275 0 0 0 0 0 0
-0.0334477 0.132919 0.000604019 0 0 0 0 0 0
-0.039228 0.0812738 0.0463231 0 0 0 0 0 0
-0.0328376 0.0808834 0.0460462 0 0 0 0 0 0
-0.0268932 0.0813351 0.0453149 0 0 0 0 0 0
-0.020987 0.0821509 0.044255 0 0 0 0 0 0
-0.0157384 0.0813845 0.0428086 0 0 0 0 0 0
-0.0424249 0.104129 -0.0414997 0 0 0 0 0 0
0.00336587 0.116902 0.0163377 0 0 0 0 0 0
-0.106014 0.153192 0.0190066 0 0 0 0 0 0
-0.00561519 0.122785 -0.014645 0 0 0 0 0 0
-0.0894727 0.081234 0.0395432 0 0 0 0 0 0
-0.0838224 0.0814494 0.0391904 0 0 0 0 0 0
-0.0778334 0.0816733 0.0388246 0 0 0 0 0 0
-0.0714984 0.0819473 0.0373611 0 0 0 0 0 0
-0.0656038 0.0819698 0.0354826 0 0 0 0 0 0
-0.0582896 0.0830337 0.0354867 0 0 0 0 0 0
-0.0528926 0.0821532 0.0375091 0 0 0 0 0 0
-0.00946864 0.0831613 0.0386119 0 0 0 0 0 0
-0.00420791 0.0828273 0.0353834 0 0 0 0 0 0
-0.0953128 0.07592 0.0352841 0 0 0 0 0 0
-0.0623856 0.0978925 -0.0352911 0 0 0 0 0 0
-0.0565934 0.182802 -0.00202189 0 0 0 0 0 0
-0.107217 0.0943988 0.0313078 0 0 0 0 0 0
-0.120952 0.126165 0.0269809 0 0 0 0 0 0
-0.109256 0.159643 -0.0099305 0 0 0 0 0 0
-0.0153235 0.131742 0.00421747 0 0 0 0 0 0
-0.013804 0.0840698 0.0417335 0 0 0 0 0 0
-0.107723 0.168238 -0.0274105 0 0 0 0 0 0
-0.0643575 0.116174 -0.0210876 0 0 0 0 0 0
-0.0830554 0.145487 0.033911 0 0 0 0 0 0
-0.0967494 0.0815909 0.0370644 0 0 0 0 0 0
-0.0676793 0.0837897 0.0355575 0 0 0 0 0 0
-0.00415342 0.0855731 0.0350863 0 0 0 0 0 0
-0.00365026 0.124009 -0.00987546 0 0 0 0 0 0
-0.000537368 0.12273 0.00889185 0 0 0 0 0 0
-0.0330695 0.0861554 0.0459612 0 0 0 0 0 0
-0.0349296 0.124829 -0.0184075 0 0 0 0 0 0
-0.115007 0.106951 0.035019 0 0 0 0 0 0
-0.096609 0.086992 0.038153 0 0 0 0 0 0
-0.0891203 0.0865691 0.0397525 0 0 0 0 0 0
-0.0834954 0.0875259 0.0400254 0 0 0 0 0 0
-0.0766537 0.0874663 0.0388918 0 0 0 0 0 0
-0.0717172 0.0876064 0.0377491 0 0 0 0 0 0
-0.0668015 0.0884669 0.036281 0 0 0 0 0 0
-0.0629827 0.0875508 0.0366823 0 0 0 0 0 0
-0.0584571 0.0887915 0.0373579 0 0 0 0 0 0
-0.0515151 0.0887028 0.0372863 0 0 0 0 0 0
-0.0382573 0.0859432 0.0459209 0 0 0 0 0 0
-0.0273173 0.0864565 0.0452576 0 0 0 0 0 0
-0.0227121 0.0868696 0.0441999 0 0 0 0 0 0
-0.0207641 0.0891187 0.0427615 0 0 0 0 0 0
-0.0154613 0.0887733 0.0404824 0 0 0 0 0 0
-0.00350493 0.0897731 0.0346883 0 0 0 0 0 0
-0.106478 0.18262 -0.0318825 0 0 0 0 0 0
-0.0628208 0.171505 0.0011144 0 0 0 0 0 0
-0.0837413 0.162556 0.0118524 0 0 0 0 0 0
-0.116394 0.0903204 0.0196838 0 0 0 0 0 0
-0.100145 0.183994 -0.0453235 0 0 0 0 0 0
-0.0764769 0.111606 -0.0224492 0 0 0 0 0 0
-0.0916923 0.0883453 0.0388375 0 0 0 0 0 0
-0.0614332 0.125658 0.0143535 0 0 0 0 0 0
-0.0397832 0.0897147 0.0431444 0 0 0 0 0 0
-0.0341341 0.0894999 0.0443148 0 0 0 0 0 0
-0.0274506 0.0900263 0.0439052 0 0 0 0 0 0
-0.00867943 0.0913099 0.0362714 0 0 0 0 0 0
-0.115837 0.102476 0.0158457 0 0 0 0 0 0
-0.0951383 0.070509 0.0313628 0 0 0 0 0 0
0.00433591 0.103576 -0.0242642 0 0 0 0 0 0
0.0104268 0.0997191 0.0186617 0 0 0 0 0 0
-0.0818034 0.146851 0.0268114 0 0 0 0 0 0
-0.117481 0.125034 0.03884 0 0 0 0 0 0
-0.104547 0.152346 -0.0184148 0 0 0 0 0 0
-0.0763599 0.099816 -0.026859 0 0 0 0 0 0
-0.0696738 0.128547 0.0100752 0 0 0 0 0 0
-0.0965672 0.0936537 0.0376766 0 0 0 0 0 0
-0.0906978 0.0933858 0.0389581 0 0 0 0 0 0
-0.0842411 0.0913704 0.0392189 0 0 0 0 0 0
-0.0782452 0.0915874 0.0388897 0 0 0 0 0 0
-0.072287 0.0918543 0.0382439 0 0 0 0 0 0
-0.0664119 0.0947373 0.0363619 0 0 0 0 0 0
-0.0576969 0.0931455 0.0372296 0 0 0 0 0 0
-0.05133 0.0943606 0.0371664 0 0 0 0 0 0
-0.0465658 0.0946014 0.0372418 0 0 0 0 0 0
-0.0175307 0.093378 0.0384203 0 0 0 0 0 0
-0.0162614 0.0964937 0.0370133 0 0 0 0 0 0
-0.00996588 0.0956315 0.0364289 0 0 0 0 0 0
-0.00468234 0.0962712 0.0340857 0 0 0 0 0 0
-0.0961613 0.133629 -0.00402047 0 0 0 0 0 0
-0.10824 0.156708 -0.02281 0 0 0 0 0 0
-0.12059 0.119305 0.031898 0 0 0 0 0 0
-0.101001 0.180476 -0.0483905 0 0 0 0 0 0
-0.110317 0.165745 -0.00848984 0 0 0 0 0 0
-0.0841685 0.0607266 0.0223809 0 0 0 0 0 0
0.00821893 0.113823 -0.000460709 0 0 0 0 0 0
-0.0823125 0.0995724 -0.0258907 0 0 0 0 0 0
-0.0843818 0.0949104 0.0393058 0 0 0 0 0 0
-0.0771738 0.0957787 0.0379994 0 0 0 0 0 0
-0.0724077 0.0952656 0.0377687 0 0 0 0 0 0
-0.0608599 0.0965286 0.0360092 0 0 0 0 0 0
-0.0224569 0.0961668 0.0370438 0 0 0 0 0 0
-0.107799 0.152759 -0.00523178 0 0 0 0 0 0
-0.109326 0.109501 -0.00405657 0 0 0 0 0 0
-0.0586301 0.174014 -0.0108214 0 0 0 0 0 0
-0.09626 0.104884 0.0502366 0 0 0 0 0 0
-0.100517 0.0933643 0.0359676 0 0 0 0 0 0
-0.119207 0.133823 0.022042 0 0 0 0 0 0
-0.052258 0.100778 0.0357182 0 0 0 0 0 0
-0.0466095 0.0992173 0.0366402 0 0 0 0 0 0
-0.0401882 0.100647 0.036325 0 0 0 0 0 0
-0.0346538 0.101397 0.0363941 0 0 0 0 0 0
-0.0285485 0.10126 0.0360563 0 0 0 0 0 0
-0.0233191 0.101398 0.0346042 0 0 0 0 0 0
-0.0162437 0.100817 0.0346727 0 0 0 0 0 0
-0.0106918 0.100837 0.0345293 0 0 0 0 0 0
-0.103373 0.10004 0.0347663 0 0 0 0 0 0
-0.0967465 0.100516 0.0373249 0 0 0 0 0 0
-0.0911124 0.100216 0.0376089 0 0 0 0 0 0
-0.0840699 0.0992977 0.0381676 0 0 0 0 0 0
-0.078736 0.100464 0.0371176 0 0 0 0 0 0
-0.0719228 0.0999928 0.0369562 0 0 0 0 0 0
-0.0660021 0.101523 0.0349964 0 0 0 0 0 0
-0.0590635 0.101253 0.0347641 0 0 0 0 0 0
-0.0065237 0.101234 0.0329954 0 0 0 0 0 0
-0.0805228 0.138246 0.00672412 0 0 0 0 0 0
0.00021733 0.103563 0.0278189 0 0 0 0 0 0
0.0134531 0.0949549 -0.0177535 0 0 0 0 0 0
-0.0853353 0.107518 0.0354802 0 0 0 0 0 0
-0.0473482 0.102873 0.0358434 0 0 0 0 0 0
-0.0423097 0.102998 0.0359574 0 0 0 0 0 0
-0.0214398 0.103937 0.0338143 0 0 0 0 0 0
-0.0175047 0.104579 0.0326165 0 0 0 0 0 0
-0.0110702 0.104376 0.0321279 0 0 0 0 0 0
-0.00479645 0.10299 0.0308422 0 0 0 0 0 0
-0.0654775 0.169654 0.00476943 0 0 0 0 0 0
-0.0899719 0.133761 -0.00293845 0 0 0 0 0 0
-0.0764569 0.106347 -0.0248341 0 0 0 0 0 0
-0.0493381 0.186364 -0.0175297 0 0 0 0 0 0
-0.0162795 0.115908 -0.0255767 0 0 0 0 0 0
-0.0952192 0.139958 -0.00181987 0 0 0 0 0 0
-0.066178 0.171985 -0.00716954 0 0 0 0 0 0
-0.095599 0.127685 -0.00560933 0 0 0 0 0 0
-0.0653985 0.166001 -0.00706188 0 0 0 0 0 0
-0.0944355 0.103795 0.0387951 0 0 0 0 0 0
-0.0903162 0.105804 0.038406 0 0 0 0 0 0
-0.0855214 0.106186 0.0364288 0 0 0 0 0 0
-0.0791509 0.104881 0.0354646 0 0 0 0 0 0
-0.0729889 0.104851 0.0353454 0 0 0 0 0 0
-0.0672331 0.105461 0.0340318 0 0 0 0 0 0
-0.0583098 0.10582 0.0331035 0 0 0 0 0 0
-0.0333529 0.106043 0.0362235 0 0 0 0 0 0
-0.030374 0.106165 0.0359386 0 0 0 0 0 0
-0.00164991 0.108401 0.0273533 0 0 0 0 0 0
-0.00629753 0.108056 -0.0293198 0 0 0 0 0 0
-0.0949538 0.104252 0.045593 0 0 0 0 0 0
-0.0769061 0.150483 0.00238117 0 0 0 0 0 0
-0.096769 0.0993428 -0.0201639 0 0 0 0 0 0
-0.118119 0.127376 0.0341554 0 0 0 0 0 0
-0.0654219 0.10152 -0.0292469 0 0 0 0 0 0
-0.0893909 0.0996238 -0.0240062 0 0 0 0 0 0
-0.043137 0.0338589 0.0341905 0 0 0 0 0 0
-0.0435569 0.0298817 0.0313806 0 0 0 0 0 0
-0.107455 0.127508 -0.00303718 0 0 0 0 0 0
-0.0535723 0.17191 -0.00690469 0 0 0 0 0 0
-0.00149589 0.11556 0.0232716 0 0 0 0 0 0
-0.0476766 0.173169 -0.014537 0 0 0 0 0 0
-0.089793 0.15051 0.00576852 0 0 0 0 0 0
-0.00977704 0.0367919 0.0220997 0 0 0 0 0 0
0.00630705 0.104439 0.0217651 0 0 0 0 0 0
-0.096011 0.117349 -0.0103828 0 0 0 0 0 0
-0.0757427 0.0298076 0.0283993 0 0 0 0 0 0
-0.0382944 0.0339228 0.0317725 0 0 0 0 0 0
-0.0329857 0.0337939 0.0293374 0 0 0 0 0 0
-0.0892596 0.109926 0.0458013 0 0 0 0 0 0
-0.0844671 0.131385 0.0368437 0 0 0 0 0 0
-0.00547977 0.0378202 0.0203142 0 0 0 0 0 0
-0.0777267 0.119402 0.0339203 0 0 0 0 0 0
-0.0519537 0.185802 -0.00826706 0 0 0 0 0 0
-0.0994018 0.156647 -0.0240042 0 0 0 0 0 0
0.00731166 0.0915477 0.0264027 0 0 0 0 0 0
-0.0764026 0.148912 0.0139328 0 0 0 0 0 0
-0.0213604 0.0322093 0.0231302 0 0 0 0 0 0
-0.103552 0.102136 0.0426571 0 0 0 0 0 0
-0.0807347 0.118915 0.0379588 0 0 0 0 0 0
-0.0641365 0.0312982 0.0261473 0 0 0 0 0 0
-0.0365841 0.104355 -0.0413257 0 0 0 0 0 0
-0.0491006 0.185356 -0.0117488 0 0 0 0 0 0
0.000649935 0.0402555 0.00976319 0 0 0 0 0 0
-0.0954463 0.114894 -0.0130717 0 0 0 0 0 0
0.000803461 0.110737 0.0245373 0 0 0 0 0 0
-0.0858898 0.137065 0.038431 0 0 0 0 0 0
-0.0478305 0.172389 -0.0089382 0 0 0 0 0 0
-0.0594756 0.17039 -0.00113692 0 0 0 0 0 0
-0.00914587 0.0430096 0.0231524 0 0 0 0 0 0
-0.00538255 0.0419453 0.0211495 0 0 0 0 0 0
-0.00313203 0.0436545 0.0195071 0 0 0 0 0 0
0.000691101 0.0447087 0.0161378 0 0 0 0 0 0
0.0119415 0.0938946 0.0188729 0 0 0 0 0 0
0.00331387 0.0452319 0.0125061 0 0 0 0 0 0
-0.0491024 0.179664 -0.0134271 0 0 0 0 0 0
-0.0908481 0.109629 0.0503831 0 0 0 0 0 0
-0.0943944 0.0980983 -0.0217717 0 0 0 0 0 0
-0.090907 0.135396 0.0447035 0 0 0 0 0 0
-0.0708091 0.150988 0.00808319 0 0 0 0 0 0
-0.0594968 0.176479 -0.00116441 0 0 0 0 0 0
-0.0539981 0.178154 -0.00649087 0 0 0 0 0 0
-0.0843578 0.117606 0.0415284 0 0 0 0 0 0
-0.0937716 0.122915 0.0513685 0 0 0 0 0 0
-0.100546 0.109602 -0.0127031 0 0 0 0 0 0
-0.0735154 0.157657 0.0119424 0 0 0 0 0 0
-0.0754752 0.126787 0.0275458 0 0 0 0 0 0
0.00656146 0.0901881 -0.0292533 0 0 0 0 0 0
0.00552815 0.0471009 0.0102747 0 0 0 0 0 0
-0.0923572 0.130439 0.0474703 0 0 0 0 0 0
-0.0959299 0.109606 -0.0163285 0 0 0 0 0 0
0.0150232 0.0456441 0.00498861 0 0 0 0 0 0
-0.110532 0.0742224 0.0100464 0 0 0 0 0 0
-0.0910561 0.114694 0.0517411 0 0 0 0 0 0
-0.0721008 0.155205 0.0126733 0 0 0 0 0 0
-0.0695081 0.156275 0.0109723 0 0 0 0 0 0
-0.0816006 0.111011 0.0354369 0 0 0 0 0 0
-0.0866989 0.12783 0.040269 0 0 0 0 0 0
0.0188994 0.0471788 0.00258217 0 0 0 0 0 0
0.0242711 0.0494958 -0.00350001 0 0 0 0 0 0
-0.0446186 0.178953 -0.01428 0 0 0 0 0 0
-0.0494133 0.190733 -0.0159756 0 0 0 0 0 0
0.00340326 0.105048 0.0251067 0 0 0 0 0 0
-0.0892592 0.117226 0.0475121 0 0 0 0 0 0
0.0211776 0.0511717 0.00638012 0 0 0 0 0 0
0.0232 0.0502578 0.002346 0 0 0 0 0 0
0.0253228 0.0537706 0.00358005 0 0 0 0 0 0
-0.0497656 0.178034 -0.00970514 0 0 0 0 0 0
0.00806634 0.107053 0.0181411 0 0 0 0 0 0
-0.0829069 0.138152 0.0347981 0 0 0 0 0 0
-0.0902492 0.129676 0.0429224 0 0 0 0 0 0
-0.0521911 0.164578 -0.00300219 0 0 0 0 0 0
-0.0542559 0.183573 -0.00549081 0 0 0 0 0 0
-0.00963286 0.0478203 0.0273701 0 0 0 0 0 0
-0.0870625 0.119873 0.0435568 0 0 0 0 0 0
0.0270073 0.0523829 -0.00178677 0 0 0 0 0 0
-0.0228796 0.125565 -0.0200277 0 0 0 0 0 0
-0.0590768 0.165235 -0.00186827 0 0 0 0 0 0
-0.0681496 0.164533 0.00643549 0 0 0 0 0 0
-0.0646346 0.156991 0.00763892 0 0 0 0 0 0
-0.0593489 0.16106 0.0064186 0 0 0 0 0 0
-0.0581845 0.163829 0.00303838 0 0 0 0 0 0
-0.00378783 0.0499978 0.0248503 0 0 0 0 0 0
-0.00165462 0.0492602 0.020702 0 0 0 0 0 0
0.00157294 0.0510302 0.0190375 0 0 0 0 0 0
0.00563464 0.0518541 0.0159795 0 0 0 0 0 0
-0.0020294 0.100369 0.0309304 0 0 0 0 0 0
0.0297107 0.0559632 -0.00240024 0 0 0 0 0 0
-0.0918546 0.105805 0.0439383 0 0 0 0 0 0
-0.064273 0.164161 0.00455057 0 0 0 0 0 0
-0.0182645 0.102823 -0.0366718 0 0 0 0 0 0
-0.0808217 0.113518 0.0365111 0 0 0 0 0 0
-0.0832203 0.126523 0.0384718 0 0 0 0 0 0
-0.0807208 0.143424 0.00717089 0 0 0 0 0 0
-0.0742564 0.148112 0.00896235 0 0 0 0 0 0
-0.0613876 0.179367 0.004198 0 0 0 0 0 0
0.00424746 0.107828 -0.0225425 0 0 0 0 0 0
-0.0105438 0.0500473 0.0304818 0 0 0 0 0 0
0.0283667 0.0567656 0.00248063 0 0 0 0 0 0
0.00404136 0.0555245 0.0205163 0 0 0 0 0 0
0.031316 0.061414 -0.000938989 0 0 0 0 0 0
-0.101429 0.0643593 0.00662031 0 0 0 0 0 0
-0.111867 0.188272 -0.0362951 0 0 0 0 0 0
-0.00944501 0.0543967 0.0314246 0 0 0 0 0 0
-0.00289349 0.0550335 0.0276595 0 0 0 0 0 0
0.00118738 0.0564943 0.0241483 0 0 0 0 0 0
0.00751316 0.0573074 0.0184485 0 0 0 0 0 0
0.0101181 0.0574133 0.0144235 0 0 0 0 0 0
0.00965713 0.0937429 0.0229594 0 0 0 0 0 0
-0.113915 0.109431 0.0488141 0 0 0 0 0 0
0.0294249 0.0608835 0.00310332 0 0 0 0 0 0
0.00453215 0.0924721 0.028861 0 0 0 0 0 0
-0.0548959 0.171132 -0.00392279 0 0 0 0 0 0
-0.0817472 0.131674 0.0341865 0 0 0 0 0 0
-0.0797523 0.149047 0.0178262 0 0 0 0 0 0
-0.0885402 0.1313 0.0396296 0 0 0 0 0 0
-0.0630158 0.16055 0.00818031 0 0 0 0 0 0
-0.0896842 0.125083 0.0438913 0 0 0 0 0 0
0.010555 0.0908529 0.0225677 0 0 0 0 0 0
-0.107345 0.162259 -0.0234483 0 0 0 0 0 0
0.0129147 0.0640388 0.0133468 0 0 0 0 0 0
-0.0966619 0.152943 -0.0127522 0 0 0 0 0 0
-0.00865794 0.0603676 0.0336525 0 0 0 0 0 0
-0.00309978 0.061084 0.029106 0 0 0 0 0 0
0.00162975 0.062293 0.0254187 0 0 0 0 0 0
0.00508377 0.0630363 0.0227619 0 0 0 0 0 0
0.00778583 0.0626802 0.0205011 0 0 0 0 0 0
0.0110878 0.0641983 0.0173168 0 0 0 0 0 0
0.0293053 0.0672284 0.00421643 0 0 0 0 0 0
0.0317006 0.0675233 -0.000165276 0 0 0 0 0 0
-0.0443871 0.172396 -0.0106713 0 0 0 0 0 0
-0.0875137 0.139756 0.0423698 0 0 0 0 0 0
-0.00488429 0.0626379 0.0314966 0 0 0 0 0 0
-0.0598909 0.159603 0.00622213 0 0 0 0 0 0
-0.000401761 0.0957395 0.0315208 0 0 0 0 0 0
-0.0660838 0.153555 0.0052808 0 0 0 0 0 0
-0.00935495 0.0657238 0.0363222 0 0 0 0 0 0
-0.00407775 0.0669217 0.0329715 0 0 0 0 0 0
-0.00155772 0.066781 0.0301164 0 0 0 0 0 0
0.00138132 0.0678415 0.0267258 0 0 0 0 0 0
0.00738148 0.0690086 0.0221709 0 0 0 0 0 0
0.0110441 0.0697586 0.0182989 0 0 0 0 0 0
0.0136158 0.0705337 0.0140632 0 0 0 0 0 0
0.030276 0.0726295 -0.000362054 0 0 0 0 0 0
-0.0902889 0.0605116 0.017368 0 0 0 0 0 0
-0.120302 0.111132 0.018093 0 0 0 0 0 0
0.00346778 0.0908404 -0.0319673 0 0 0 0 0 0
-0.116418 0.119362 0.00277639 0 0 0 0 0 0
-0.0616888 0.177268 0.00335695 0 0 0 0 0 0
-0.0502216 0.16948 -0.00519566 0 0 0 0 0 0
-0.0876846 0.11102 0.0412023 0 0 0 0 0 0
0.00490027 0.0701442 0.0244404 0 0 0 0 0 0
-0.112674 0.148417 0.0121268 0 0 0 0 0 0
-0.112704 0.184482 -0.0357804 0 0 0 0 0 0
-0.0918929 0.0593374 0.011442 0 0 0 0 0 0
-0.0588302 0.116517 -0.022174 0 0 0 0 0 0
-0.107703 0.0737251 0.0217069 0 0 0 0 0 0
-0.0101699 0.124822 -0.0154529 0 0 0 0 0 0
-0.00912528 0.07079 0.038081 0 0 0 0 0 0
-0.00342503 0.071839 0.0345891 0 0 0 0 0 0
0.00190329 0.0730142 0.0294486 0 0 0 0 0 0
0.00814339 0.0741862 0.0234765 0 0 0 0 0 0
0.0113872 0.0750205 0.0193602 0 0 0 0 0 0
0.0136554 0.0761273 0.0153963 0 0 0 0 0 0
0.0151682 0.0773721 0.0121721 0 0 0 0 0 0
0.016683 0.0776708 0.0082329 0 0 0 0 0 0
-0.0769913 0.122757 -0.0141171 0 0 0 0 0 0
0.0180048 0.0791189 0.00320488 0 0 0 0 0 0
-0.0786815 0.134853 0.0241972 0 0 0 0 0 0
-0.0357437 0.118904 -0.0255574 0 0 0 0 0 0
-0.0783923 0.144669 0.0125579 0 0 0 0 0 0
0.00581236 0.0749972 0.026658 0 0 0 0 0 0
-0.0774236 0.145723 0.0078511 0 0 0 0 0 0
-0.0466745 0.112825 -0.0278408 0 0 0 0 0 0
0.0187673 0.07891 -0.00300422 0 0 0 0 0 0
-0.0881137 0.13437 0.040323 0 0 0 0 0 0
0.00219952 0.0790787 0.0305903 0 0 0 0 0 0
0.00551595 0.0799529 0.0274363 0 0 0 0 0 0
0.00859447 0.0806012 0.0244328 0 0 0 0 0 0
0.0109601 0.0812789 0.0208492 0 0 0 0 0 0
-0.110825 0.147741 0.00799437 0 0 0 0 0 0
-0.105404 0.0683891 0.00283622 0 0 0 0 0 0
0.0138875 0.0824614 0.0163537 0 0 0 0 0 0
0.014946 0.0829921 0.013937 0 0 0 0 0 0
0.0164769 0.0836223 0.00993439 0 0 0 0 0 0
0.0176282 0.0847587 0.00422392 0 0 0 0 0 0
-0.10726 0.107304 0.0501225 0 0 0 0 0 0
-0.114339 0.0957931 -0.00431653 0 0 0 0 0 0
-0.0538301 0.173388 -0.0121483 0 0 0 0 0 0
-0.101219 0.0646258 0.0113122 0 0 0 0 0 0
0.00152852 0.084834 0.0316754 0 0 0 0 0 0
0.00533638 0.0855529 0.0285234 0 0 0 0 0 0
0.0086591 0.0862497 0.0255949 0 0 0 0 0 0
0.0110147 0.0868926 0.0216476 0 0 0 0 0 0
0.0132652 0.0877211 0.0174995 0 0 0 0 0 0
0.0148633 0.088169 0.0137441 0 0 0 0 0 0
-0.0298259 0.119787 -0.025523 0 0 0 0 0 0
-0.103215 0.149416 -0.0126895 0 0 0 0 0 0
-0.106167 0.139105 -2.38419e-07 0 0 0 0 0 0
-0.0586437 0.11978 -0.0184764 0 0 0 0 0 0
-0.116484 0.112692 0.00690456 0 0 0 0 0 0
-0.0486351 0.180779 -0.0180237 0 0 0 0 0 0
-0.0543512 0.16132 -0.0033821 0 0 0 0 0 0
-0.0447857 0.169371 -0.0107239 0 0 0 0 0 0
-0.0441828 0.176144 -0.0181585 0 0 0 0 0 0
-0.113303 0.142613 0.010038 0 0 0 0 0 0
-0.00868027 0.0419169 -0.0253725 0 0 0 0 0 0
-0.0105987 0.0439269 -0.0312371 0 0 0 0 0 0
-0.011726 0.0447607 -0.0353611 0 0 0 0 0 0
-0.0153714 0.043408 -0.0372957 0 0 0 0 0 0
-0.00311988 0.0367393 0.01103 0 0 0 0 0 0
0.0112323 0.0433578 -0.0155268 0 0 0 0 0 0
0.0110596 0.0460329 -0.0210683 0 0 0 0 0 0
-0.00710254 0.0448645 -0.026603 0 0 0 0 0 0
-0.0124725 0.0457592 -0.0378584 0 0 0 0 0 0
-0.0156179 0.0489045 -0.0421418 0 0 0 0 0 0
-0.0116504 0.108873 -0.0310678 0 0 0 0 0 0
0.0165475 0.0460164 -0.0148374 0 0 0 0 0 0
0.014989 0.0471387 -0.0195784 0 0 0 0 0 0
0.00899699 0.0479705 -0.0246662 0 0 0 0 0 0
-0.0775935 0.134728 0.011868 0 0 0 0 0 0
-0.00815527 0.0481426 -0.0311641 0 0 0 0 0 0
-0.00970609 0.0491648 -0.0357161 0 0 0 0 0 0
-0.0116552 0.0506195 -0.0404129 0 0 0 0 0 0
-0.114346 0.105357 0.041595 0 0 0 0 0 0
-0.0591717 0.113183 -0.025691 0 0 0 0 0 0
0.0205818 0.0470871 -0.00964954 0 0 0 0 0 0
0.0238737 0.0515518 -0.0148686 0 0 0 0 0 0
0.0197109 0.0486609 -0.0167422 0 0 0 0 0 0
0.0173052 0.0497487 -0.0207838 0 0 0 0 0 0
-0.00353282 0.108706 -0.0273286 0 0 0 0 0 0
-0.00229079 0.0463481 -0.0256859 0 0 0 0 0 0
-0.120107 0.116325 0.0104169 0 0 0 0 0 0
-0.0989109 0.176376 -0.0350956 0 0 0 0 0 0
-0.10646 0.101221 0.0318659 0 0 0 0 0 0
0.0250115 0.0506855 -0.0100474 0 0 0 0 0 0
0.0215463 0.0531227 -0.0207895 0 0 0 0 0 0
-0.0639648 0.122013 -0.0147519 0 0 0 0 0 0
-0.0027452 0.0533759 -0.0303506 0 0 0 0 0 0
-0.0480532 0.103912 -0.0408317 0 0 0 0 0 0
-0.0736833 0.170126 -0.00187771 0 0 0 0 0 0
-0.107113 0.163111 -0.0279159 0 0 0 0 0 0
0.0161827 0.054785 -0.025792 0 0 0 0 0 0
-0.00602607 0.0510884 -0.0308791 0 0 0 0 0 0
-0.0100617 0.0558838 -0.0406163 0 0 0 0 0 0
-0.0664902 0.0445506 -0.0472287 0 0 0 0 0 0
-0.09623 0.0629799 0.0175015 0 0 0 0 0 0
-0.107622 0.153462 -0.0110176 0 0 0 0 0 0
-0.11494 0.136714 0.0079258 0 0 0 0 0 0
0.0274109 0.0524829 -0.00745584 0 0 0 0 0 0
-0.00405864 0.055262 -0.0347961 0 0 0 0 0 0
-0.00808943 0.0532894 -0.0364503 0 0 0 0 0 0
0.00122519 0.102209 -0.028313 0 0 0 0 0 0
0.0232423 0.0755973 -0.0163054 0 0 0 0 0 0
0.023107 0.0655361 -0.0241195 0 0 0 0 0 0
-0.0824143 0.0624488 0.0264262 0 0 0 0 0 0
-0.101561 0.166912 -0.0412295 0 0 0 0 0 0
-0.0797868 0.134612 0.00423703 0 0 0 0 0 0
-0.0651714 0.112204 -0.0240341 0 0 0 0 0 0
-0.100711 0.164325 -0.0357588 0 0 0 0 0 0
-0.0704474 0.152386 0.00180679 0 0 0 0 0 0
0.0296133 0.0560815 -0.00892254 0 0 0 0 0 0
0.029004 0.0577354 -0.0141549 0 0 0 0 0 0
0.0245445 0.0567744 -0.0210238 0 0 0 0 0 0
0.0216836 0.0593482 -0.0245493 0 0 0 0 0 0
0.017345 0.0592472 -0.0267983 0 0 0 0 0 0
0.00367097 0.0550358 -0.0277571 0 0 0 0 0 0
-0.0293792 0.124915 -0.0204358 0 0 0 0 0 0
-0.0473203 0.108955 -0.0298083 0 0 0 0 0 0
-0.0987834 0.177327 -0.040715 0 0 0 0 0 0
0.0269137 0.0593068 -0.0194011 0 0 0 0 0 0
0.00341573 0.0595838 -0.0287698 0 0 0 0 0 0
-0.00200229 0.0591031 -0.0360047 0 0 0 0 0 0
-0.00545031 0.05805 -0.0391801 0 0 0 0 0 0
-0.0406351 0.124312 -0.0181127 0 0 0 0 0 0
-0.0467893 0.12335 -0.0177332 0 0 0 0 0 0
-0.0928119 0.147034 0.00186382 0 0 0 0 0 0
-0.00793651 0.126144 -0.0109579 0 0 0 0 0 0
-0.0714053 0.0428549 -0.0437337 0 0 0 0 0 0
1.0889e-05 0.0577909 -0.0312873 0 0 0 0 0 0
0.00068997 0.117724 -0.0163797 0 0 0 0 0 0
-0.0526201 0.124939 -0.0122456 0 0 0 0 0 0
-0.0523467 0.122455 -0.0166772 0 0 0 0 0 0
-0.0404432 0.0478482 -0.0442944 0 0 0 0 0 0
-0.0843845 0.11693 -0.0174191 0 0 0 0 0 0
-0.0107848 0.128452 -0.00806836 0 0 0 0 0 0
-0.0985862 0.0372232 -0.0155767 0 0 0 0 0 0
-0.0356723 0.121617 -0.0223165 0 0 0 0 0 0
0.000327896 0.0623987 -0.0338364 0 0 0 0 0 0
-0.00448916 0.0625556 -0.0397297 0 0 0 0 0 0
-0.0463427 0.125521 -0.0131483 0 0 0 0 0 0
-0.00484242 0.113866 -0.024009 0 0 0 0 0 0
0.0171051 0.0757642 -0.016323 0 0 0 0 0 0
-0.0355645 0.108839 -0.030819 0 0 0 0 0 0
-0.101237 0.0710426 0.0273224 0 0 0 0 0 0
0.0318407 0.0616304 -0.00742029 0 0 0 0 0 0
0.0309471 0.0634167 -0.0136948 0 0 0 0 0 0
0.0279924 0.0646401 -0.0193713 0 0 0 0 0 0
-0.0456216 0.127382 -0.00967433 0 0 0 0 0 0
-0.0107929 0.119481 -0.0216863 0 0 0 0 0 0
0.00431171 0.0646668 -0.0304063 0 0 0 0 0 0
-0.00750069 0.0923861 -0.0380127 0 0 0 0 0 0
-0.0701286 0.119547 -0.0174882 0 0 0 0 0 0
-0.108877 0.0731076 0.0155968 0 0 0 0 0 0
-0.0585911 0.0486251 -0.0459136 0 0 0 0 0 0
0.00741716 0.0671611 -0.0280107 0 0 0 0 0 0
0.00213886 0.0674359 -0.0337523 0 0 0 0 0 0
-0.0097838 0.0617292 -0.0427135 0 0 0 0 0 0
-0.0537965 0.102953 -0.0398236 0 0 0 0 0 0
-0.112549 0.105168 0.0459551 0 0 0 0 0 0
-0.0503273 0.0295185 0.0317695 0 0 0 0 0 0
-0.0823742 0.111587 -0.0210756 0 0 0 0 0 0
-0.00493892 0.0683975 -0.0401685 0 0 0 0 0 0
-0.0232126 0.104248 -0.0375918 0 0 0 0 0 0
-0.0518388 0.126391 -0.00928378 0 0 0 0 0 0
-0.0981436 0.0954275 -0.0204732 0 0 0 0 0 0
-0.115218 0.0947815 -0.00200015 0 0 0 0 0 0
-0.119312 0.110331 0.023488 0 0 0 0 0 0
-0.120372 0.129619 0.014663 0 0 0 0 0 0
0.0105647 0.0652238 -0.0252891 0 0 0 0 0 0
-0.00158421 0.0673017 -0.0365536 0 0 0 0 0 0
-0.00557422 0.103112 -0.0320637 0 0 0 0 0 0
-0.105055 0.183286 -0.0435506 0 0 0 0 0 0
-0.0178492 0.124787 -0.0197409 0 0 0 0 0 0
-0.0954443 0.0653159 0.0247509 0 0 0 0 0 0
0.0326335 0.0691115 -0.00607443 0 0 0 0 0 0
0.0326899 0.0677028 -0.00840454 0 0 0 0 0 0
0.0314792 0.0698189 -0.0124931 0 0 0 0 0 0
0.0280739 0.07034 -0.018097 0 0 0 0 0 0
-0.110208 0.105531 -0.00610512 0 0 0 0 0 0
-0.0874624 0.138942 0.000341402 0 0 0 0 0 0
0.00338515 0.0726829 -0.033358 0 0 0 0 0 0
-0.00059535 0.0699054 -0.0368042 0 0 0 0 0 0
-0.012897 0.127394 -0.0129468 0 0 0 0 0 0
-0.0775594 0.117315 -0.0179323 0 0 0 0 0 0
0.0158878 0.0712448 -0.021064 0 0 0 0 0 0
-0.0821254 0.0292264 0.0281359 0 0 0 0 0 0
-0.100638 0.0677956 0.0239537 0 0 0 0 0 0
-0.0972059 0.0609581 0.00622143 0 0 0 0 0 0
-0.0837039 0.137792 0.00229098 0 0 0 0 0 0
0.010989 0.0716468 -0.023685 0 0 0 0 0 0
0.00832805 0.0726225 -0.0283336 0 0 0 0 0 0
0.0217278 0.0707735 -0.0219071 0 0 0 0 0 0
-0.105022 0.0704515 0.0207253 0 0 0 0 0 0
-0.115014 0.142558 0.0146273 0 0 0 0 0 0
-0.00013845 0.0738934 -0.0365298 0 0 0 0 0 0
-0.0050297 0.0744282 -0.039172 0 0 0 0 0 0
-0.000145333 0.0968087 -0.0325009 0 0 0 0 0 0
-0.108404 0.144666 0.00317706 0 0 0 0 0 0
-0.0190758 0.118125 -0.0254368 0 0 0 0 0 0
-0.0344463 0.129627 -0.0116247 0 0 0 0 0 0
-0.0577456 0.0330227 0.0307983 0 0 0 0 0 0
-0.0126228 0.0974802 -0.0380545 0 0 0 0 0 0
0.0303044 0.074657 -0.00523449 0 0 0 0 0 0
0.0292752 0.0752511 -0.0112929 0 0 0 0 0 0
0.0268079 0.0754417 -0.0154148 0 0 0 0 0 0
0.0061077 0.0750696 -0.0312048 0 0 0 0 0 0
-0.100397 0.184434 -0.0483442 0 0 0 0 0 0
-0.105974 0.163382 -0.0352931 0 0 0 0 0 0
-0.120936 0.128181 0.0156883 0 0 0 0 0 0
-0.104246 0.154414 -0.024176 0 0 0 0 0 0
-0.0983078 0.0644075 0.0188788 0 0 0 0 0 0
-0.108123 0.155416 -0.0170234 0 0 0 0 0 0
0.0131181 0.0780868 -0.0206203 0 0 0 0 0 0
0.0120306 0.0763496 -0.0227814 0 0 0 0 0 0
0.00324761 0.0788411 -0.0330151 0 0 0 0 0 0
-0.0654089 0.126238 -0.00739283 0 0 0 0 0 0
0.00948453 0.0788251 -0.0269993 0 0 0 0 0 0
0.0060304 0.0792206 -0.0304352 0 0 0 0 0 0
-0.000532599 0.0795816 -0.0357985 0 0 0 0 0 0
-0.00361715 0.0803416 -0.038348 0 0 0 0 0 0
-0.0411666 0.109647 -0.0302791 0 0 0 0 0 0
-0.0644934 0.0492422 -0.0456573 0 0 0 0 0 0
-0.108792 0.103164 0.0407315 0 0 0 0 0 0
-0.0172857 0.128786 -0.0130384 0 0 0 0 0 0
-0.101862 0.101817 0.0388872 0 0 0 0 0 0
-0.107564 0.160732 -0.0219047 0 0 0 0 0 0
-0.0168584 0.098987 -0.0394905 0 0 0 0 0 0
-0.116366 0.12342 0.0451381 0 0 0 0 0 0
0.0160228 0.0825502 -0.0144736 0 0 0 0 0 0
-0.0789184 0.0551175 0.00286711 0 0 0 0 0 0
-0.0691687 0.124951 -0.0112193 0 0 0 0 0 0
0.0177455 0.0808519 -0.00842663 0 0 0 0 0 0
0.0135894 0.0836224 -0.0198005 0 0 0 0 0 0
0.00981064 0.0842867 -0.0249376 0 0 0 0 0 0
0.00582428 0.0845757 -0.0289543 0 0 0 0 0 0
0.00353346 0.0853749 -0.0313316 0 0 0 0 0 0
0.000147052 0.0856982 -0.0348239 0 0 0 0 0 0
-0.00354666 0.0855668 -0.0376342 0 0 0 0 0 0
-0.0900882 0.0639833 0.0261595 0 0 0 0 0 0
-0.0362188 0.10743 -0.0344477 0 0 0 0 0 0
-0.0705204 0.106454 -0.0256905 0 0 0 0 0 0
-0.105419 0.15714 -0.0295761 0 0 0 0 0 0
-0.0585172 0.184094 -0.00901467 0 0 0 0 0 0
-0.0299107 0.103819 -0.0408421 0 0 0 0 0 0
-0.119189 0.137656 0.0310068 0 0 0 0 0 0
-0.114739 0.102281 0.00091096 0 0 0 0 0 0
-0.0285959 0.129863 -0.0122213 0 0 0 0 0 0
-0.0996521 0.173409 -0.0211826 0 0 0 0 0 0
0.0175259 0.0860923 -0.00169511 0 0 0 0 0 0
0.0171182 0.0872419 -0.00756622 0 0 0 0 0 0
0.0156546 0.0882554 -0.0133391 0 0 0 0 0 0
0.000718147 0.0913899 -0.0334209 0 0 0 0 0 0
-0.102374 0.143801 -0.00203794 0 0 0 0 0 0
-0.0704981 0.0524177 -0.0353533 0 0 0 0 0 0
-0.105743 0.148156 -0.00503118 0 0 0 0 0 0
-0.103199 0.187467 -0.0384804 0 0 0 0 0 0
-0.106701 0.188396 -0.0367264 0 0 0 0 0 0
-0.10838 0.186149 -0.0326099 0 0 0 0 0 0
-0.0378448 0.0911931 0.0423735 0 0 0 0 0 0
-0.112405 0.185724 -0.0319401 0 0 0 0 0 0
-0.117284 0.146937 0.0189834 0 0 0 0 0 0
-0.114822 0.147674 0.0159432 0 0 0 0 0 0
-0.115019 0.0984497 -0.000765147 0 0 0 0 0 0
-0.105624 0.179881 -0.0257688 0 0 0 0 0 0
-0.102465 0.178671 -0.0274709 0 0 0 0 0 0
-0.120367 0.112338 0.0141425 0 0 0 0 0 0
0.000312295 0.121483 -0.00951905 0 0 0 0 0 0
-0.1195 0.140622 0.0230009 0 0 0 0 0 0
0.0244292 0.0775348 -0.0108523 0 0 0 0 0 0
0.00449692 0.118168 -0.00618036 0 0 0 0 0 0
0.00181338 0.121323 -0.00442924 0 0 0 0 0 0
-0.0867763 0.160088 0.0109801 0 0 0 0 0 0
-0.00203608 0.124237 -0.00455882 0 0 0 0 0 0
-0.104844 0.159842 -0.0348447 0 0 0 0 0 0
0.0222901 0.0777425 -0.00735314 0 0 0 0 0 0
0.0196584 0.0774491 -0.00983806 0 0 0 0 0 0
-0.00535081 0.126541 -0.00387599 0 0 0 0 0 0
-0.103059 0.175835 -0.0192856 0 0 0 0 0 0
-0.105747 0.17694 -0.0194366 0 0 0 0 0 0
-0.108414 0.156996 0.00141822 0 0 0 0 0 0
0.0242672 0.0772447 -0.00389741 0 0 0 0 0 0
0.00585125 0.116855 -0.000241142 0 0 0 0 0 0
-0.00963548 0.129274 -0.00214439 0 0 0 0 0 0
-0.0762638 0.131903 0.0220211 0 0 0 0 0 0
-0.109312 0.176757 -0.019156 0 0 0 0 0 0
0.00248602 0.120747 0.0011504 0 0 0 0 0 0
-0.0144375 0.131372 -0.00322696 0 0 0 0 0 0
-0.120285 0.138867 0.0252726 0 0 0 0 0 0
-0.000946298 0.12389 -0.00043321 0 0 0 0 0 0
-0.0169066 0.132399 -0.000678714 0 0 0 0 0 0
-0.113111 0.0958458 0.0254324 0 0 0 0 0 0
-0.0993516 0.170898 -0.0155448 0 0 0 0 0 0
-0.103924 0.173574 -0.0144186 0 0 0 0 0 0
-0.112851 0.172888 -0.0193645 0 0 0 0 0 0
-0.0109117 0.103664 -0.0335019 0 0 0 0 0 0
-0.00381 0.12597 0.00218653 0 0 0 0 0 0
-0.0213825 0.133304 -0.000931127 0 0 0 0 0 0
-0.105376 0.175623 -0.0165928 0 0 0 0 0 0
-0.11008 0.172455 -0.0143858 0 0 0 0 0 0
0.0249598 0.0743037 0.00184419 0 0 0 0 0 0
-0.00915283 0.129072 0.00384949 0 0 0 0 0 0
-0.105598 0.102908 -0.0132924 0 0 0 0 0 0
-0.113123 0.0846797 0.0232688 0 0 0 0 0 0
0.00644971 0.115707 0.00561434 0 0 0 0 0 0
0.00290411 0.119833 0.00631763 0 0 0 0 0 0
-0.027571 0.133578 0.00023447 0 0 0 0 0 0
-0.0497887 0.0757388 0.0416621 0 0 0 0 0 0
-0.10015 0.169416 -0.0108077 0 0 0 0 0 0
-0.110765 0.151654 0.014601 0 0 0 0 0 0
-0.0912424 0.0345087 0.000501994 0 0 0 0 0 0
-0.0889756 0.0338972 0.00519131 0 0 0 0 0 0
-0.0897991 0.0323373 0.011471 0 0 0 0 0 0
-0.0898258 0.0370033 0.0126854 0 0 0 0 0 0
-0.0901262 0.03145 0.0174534 0 0 0 0 0 0
-0.0885476 0.030299 0.0235712 0 0 0 0 0 0
-0.113669 0.0898098 0.0247059 0 0 0 0 0 0
-0.0588176 0.107618 -0.0287481 0 0 0 0 0 0
-0.0977386 0.0352769 -0.00511025 0 0 0 0 0 0
-0.0970202 0.0400077 -0.00396895 0 0 0 0 0 0
-0.0946749 0.0354284 -0.000825636 0 0 0 0 0 0
-0.103403 0.0762256 0.0305934 0 0 0 0 0 0
-0.106801 0.0774582 0.0281607 0 0 0 0 0 0
-0.0992593 0.0404643 -0.0102262 0 0 0 0 0 0
-0.0876715 0.0362688 0.00736688 0 0 0 0 0 0
-0.0903959 0.0368443 0.0184248 0 0 0 0 0 0
-0.0851207 0.0342599 0.0291774 0 0 0 0 0 0
-0.100206 0.0765558 0.0330331 0 0 0 0 0 0
-0.109491 0.124301 0.0540143 0 0 0 0 0 0
-0.111384 0.0894527 0.0274252 0 0 0 0 0 0
-0.109436 0.13664 0.0479378 0 0 0 0 0 0
-0.0582887 0.122534 -0.0152067 0 0 0 0 0 0
-0.0949955 0.0381498 -0.00126218 0 0 0 0 0 0
-0.0907341 0.0395674 0.00134122 0 0 0 0 0 0
-0.0851732 0.0394743 0.0059558 0 0 0 0 0 0
-0.112793 0.126834 0.0501464 0 0 0 0 0 0
-0.0629119 0.0351994 0.0256433 0 0 0 0 0 0
-0.0495467 0.0711314 0.0389173 0 0 0 0 0 0
-0.023782 0.119503 -0.0255614 0 0 0 0 0 0
-0.0869369 0.0392073 0.0251873 0 0 0 0 0 0
-0.113861 0.116236 0.0503782 0 0 0 0 0 0
-0.017436 0.109697 -0.0310065 0 0 0 0 0 0
-0.106932 0.0820196 0.0300385 0 0 0 0 0 0
-0.0887722 0.040093 0.0187688 0 0 0 0 0 0
-0.113081 0.126624 0.000317078 0 0 0 0 0 0
-0.0615766 0.0381522 0.0264661 0 0 0 0 0 0
-0.0547468 0.0374677 0.0329446 0 0 0 0 0 0
-0.110547 0.0826775 0.0255532 0 0 0 0 0 0
-0.097112 0.044193 -0.00950714 0 0 0 0 0 0
-0.0966746 0.0433542 -0.00519944 0 0 0 0 0 0
-0.0917581 0.0454275 -0.00372672 0 0 0 0 0 0
-0.0900624 0.0425325 -1.23195e-05 0 0 0 0 0 0
-0.0850949 0.0441632 0.000856437 0 0 0 0 0 0
-0.113006 0.121689 0.0510171 0 0 0 0 0 0
-0.110344 0.0947511 0.028633 0 0 0 0 0 0
-0.110125 0.0778578 0.0230558 0 0 0 0 0 0
-0.0454233 0.0869498 0.0426028 0 0 0 0 0 0
-0.113485 0.13484 0.0459178 0 0 0 0 0 0
-0.0864293 0.0472853 -0.00296667 0 0 0 0 0 0
-0.0798572 0.0461154 0.00215107 0 0 0 0 0 0
-0.115323 0.0846455 0.0185961 0 0 0 0 0 0
-0.0806559 0.166311 0.00995765 0 0 0 0 0 0
-0.083678 0.0434396 0.0203759 0 0 0 0 0 0
-0.0839611 0.0525817 -0.00379454 0 0 0 0 0 0
-0.113884 0.141347 0.0408412 0 0 0 0 0 0
-0.0551538 0.0447635 0.027069 0 0 0 0 0 0
-0.101699 0.105909 0.0511377 0 0 0 0 0 0
-0.0458633 0.0900982 0.0393714 0 0 0 0 0 0
-0.0781264 0.0507637 0.00212201 0 0 0 0 0 0
-0.0248208 0.099424 -0.0424541 0 0 0 0 0 0
-0.0486472 0.0503015 0.0261431 0 0 0 0 0 0
-0.0776577 0.051207 0.00752438 0 0 0 0 0 0
-0.0785187 0.049296 0.0141083 0 0 0 0 0 0
-0.075888 0.0554779 0.0208224 0 0 0 0 0 0
-0.0730036 0.054854 0.0241056 0 0 0 0 0 0
-0.0485554 0.0543636 0.0273597 0 0 0 0 0 0
-0.10677 0.120844 -0.00390086 0 0 0 0 0 0
-0.0421493 0.05477 0.0354453 0 0 0 0 0 0
-0.0621755 0.104347 -0.0288352 0 0 0 0 0 0
-0.0489126 0.0584639 0.0283544 0 0 0 0 0 0
-0.0467869 0.0596053 0.0321211 0 0 0 0 0 0
-0.043223 0.0583941 0.0360272 0 0 0 0 0 0
-0.0596233 0.177929 -0.0104014 0 0 0 0 0 0
-0.0593934 0.165882 -0.00792007 0 0 0 0 0 0
-0.0870381 0.156415 0.00674382 0 0 0 0 0 0
-0.09117 0.138336 -0.00165869 0 0 0 0 0 0
-0.0886864 0.0662463 0.0296452 0 0 0 0 0 0
-0.0536871 0.0973794 -0.0457421 0 0 0 0 0 0
-0.0875791 0.110659 -0.0198435 0 0 0 0 0 0
-0.0839782 0.14491 0.0044072 0 0 0 0 0 0
-0.0503862 0.0655448 0.0315138 0 0 0 0 0 0
-0.0479367 0.0639797 0.0341527 0 0 0 0 0 0
-0.0835471 0.129367 -0.00293971 0 0 0 0 0 0
-0.109738 0.132833 0.00027224 0 0 0 0 0 0
-0.0893258 0.123065 -0.00871792 0 0 0 0 0 0
-0.0716896 0.115945 -0.020522 0 0 0 0 0 0
-0.0549178 0.178765 -0.0131455 0 0 0 0 0 0
-0.0824463 0.0566908 -0.000745181 0 0 0 0 0 0
-0.0745048 0.0424901 -0.0406442 0 0 0 0 0 0
-0.0755121 0.0417908 -0.0365718 0 0 0 0 0 0
-0.0750931 0.0462721 -0.0367781 0 0 0 0 0 0
-0.0762361 0.0405282 -0.0311705 0 0 0 0 0 0
-0.0765632 0.0453404 -0.0290152 0 0 0 0 0 0
-0.0401816 0.0437343 -0.0439545 0 0 0 0 0 0
-0.0293901 0.108583 -0.0307197 0 0 0 0 0 0
-0.0976029 0.0416584 -0.0148561 0 0 0 0 0 0
-0.119585 0.125511 0.0323656 0 0 0 0 0 0
-0.0744848 0.045223 -0.0406876 0 0 0 0 0 0
-0.00405972 0.091377 -0.0360198 0 0 0 0 0 0
-0.104839 0.179693 -0.0429891 0 0 0 0 0 0
-0.118544 0.123249 0.0369403 0 0 0 0 0 0
-0.0951619 0.044126 -0.017318 0 0 0 0 0 0
-0.107841 0.158684 -0.0271321 0 0 0 0 0 0
-0.0704 0.0480377 -0.0429276 0 0 0 0 0 0
-0.0924797 0.0465148 -0.0153151 0 0 0 0 0 0
-0.0864268 0.0403025 0.0108404 0 0 0 0 0 0
-0.116153 0.130572 0.00537945 0 0 0 0 0 0
-0.0816219 0.0451694 -0.0250223 0 0 0 0 0 0
-0.0830127 0.0417596 0.00844661 0 0 0 0 0 0
-0.0738159 0.0496824 -0.0337666 0 0 0 0 0 0
-0.0739693 0.0499103 -0.0286947 0 0 0 0 0 0
-0.0754825 0.0514162 -0.0242981 0 0 0 0 0 0
-0.092773 0.0472633 -0.00922506 0 0 0 0 0 0
-0.0790318 0.0452413 0.00692145 0 0 0 0 0 0
-0.0830096 0.0433578 0.0133063 0 0 0 0 0 0
-0.0873986 0.0412704 0.0152098 0 0 0 0 0 0
-0.0646076 0.0538411 -0.0415371 0 0 0 0 0 0
-0.0690213 0.0524156 -0.0397861 0 0 0 0 0 0
-0.0640364 0.119721 -0.0181583 0 0 0 0 0 0
-0.0867185 0.0501046 -0.0158752 0 0 0 0 0 0
-0.120036 0.143245 0.0299714 0 0 0 0 0 0
-0.0702591 0.0531665 -0.0291616 0 0 0 0 0 0
-0.0273826 0.127864 -0.0166594 0 0 0 0 0 0
-0.0170794 0.120087 -0.0234242 0 0 0 0 0 0
-0.081975 0.0504449 -0.0209102 0 0 0 0 0 0
-0.0882227 0.0493338 -0.00978233 0 0 0 0 0 0
-0.105689 0.151159 -0.0134259 0 0 0 0 0 0
-0.109927 0.176424 -0.0308068 0 0 0 0 0 0
-0.0858401 0.0532938 -0.00873821 0 0 0 0 0 0
-0.0795584 0.0458936 0.0130247 0 0 0 0 0 0
-0.0468631 0.120668 -0.0208269 0 0 0 0 0 0
-0.0644686 0.0554675 -0.0356251 0 0 0 0 0 0
-0.0131319 0.101858 -0.0354303 0 0 0 0 0 0
-0.0156381 0.104359 -0.0340601 0 0 0 0 0 0
-0.0121734 0.112332 -0.0277658 0 0 0 0 0 0
-0.0623803 0.0579605 -0.0292289 0 0 0 0 0 0
-0.0669452 0.0545647 -0.0272009 0 0 0 0 0 0
-0.0690585 0.0570699 -0.0242807 0 0 0 0 0 0
-0.0413549 0.118663 -0.0249216 0 0 0 0 0 0
-0.0810608 0.0555318 -0.0197816 0 0 0 0 0 0
-0.0847035 0.0558466 -0.0143887 0 0 0 0 0 0
-0.0604359 0.0601835 -0.0353036 0 0 0 0 0 0
-0.0622457 0.0567617 -0.0336755 0 0 0 0 0 0
0.000514505 0.111655 -0.0231352 0 0 0 0 0 0
-0.0577414 0.0612148 -0.0405816 0 0 0 0 0 0
-0.0898141 0.120274 -0.0119978 0 0 0 0 0 0
-0.0471332 0.118224 -0.0232379 0 0 0 0 0 0
-0.0837913 0.122102 -0.0130473 0 0 0 0 0 0
-0.0815486 0.062435 -0.0198902 0 0 0 0 0 0
-0.0853605 0.0611115 -0.013735 0 0 0 0 0 0
-0.0873427 0.0602558 -0.00767385 0 0 0 0 0 0
-0.0864789 0.0584174 -0.00217235 0 0 0 0 0 0
-0.0129296 0.122983 -0.0198471 0 0 0 0 0 0
-0.0534306 0.118007 -0.0225463 0 0 0 0 0 0
-0.0560233 0.0654508 -0.043625 0 0 0 0 0 0
-0.0591336 0.0672121 -0.0403132 0 0 0 0 0 0
-0.0608343 0.0657749 -0.0345486 0 0 0 0 0 0
-0.0626226 0.0649991 -0.0273464 0 0 0 0 0 0
-0.0245704 0.127939 -0.0171251 0 0 0 0 0 0
-0.0574545 0.0688925 -0.0436349 0 0 0 0 0 0
-0.0617665 0.0671025 -0.0318004 0 0 0 0 0 0
-0.0942181 0.065585 -0.0117486 0 0 0 0 0 0
-0.0987869 0.0676969 -0.00988168 0 0 0 0 0 0
-0.0984823 0.0643985 -0.0046904 0 0 0 0 0 0
-0.106975 0.0698915 0.0130532 0 0 0 0 0 0
-0.104625 0.171326 -0.0446039 0 0 0 0 0 0
-0.0543537 0.0738883 -0.0472834 0 0 0 0 0 0
-0.0583495 0.0743217 -0.0438713 0 0 0 0 0 0
-0.0609636 0.0721439 -0.0391902 0 0 0 0 0 0
-0.0618513 0.070435 -0.0342295 0 0 0 0 0 0
-0.063143 0.0721556 -0.0314749 0 0 0 0 0 0
-0.0640332 0.0697903 -0.0275441 0 0 0 0 0 0
-0.0517985 0.0433136 -0.0445964 0 0 0 0 0 0
-0.102376 0.0656355 0.000663469 0 0 0 0 0 0
-0.0156505 0.126854 -0.01596 0 0 0 0 0 0
-0.10568 0.0706405 -0.00330869 0 0 0 0 0 0
-0.103282 0.067414 -0.00280664 0 0 0 0 0 0
-0.0624386 0.0737584 -0.0366261 0 0 0 0 0 0
-0.100541 0.0708968 -0.0110461 0 0 0 0 0 0
-0.105599 0.0733725 -0.00906325 0 0 0 0 0 0
-0.108188 0.0705505 0.00384956 0 0 0 0 0 0
-0.120341 0.144219 0.0257192 0 0 0 0 0 0
-0.0601375 0.0795886 -0.0440213 0 0 0 0 0 0
-0.0622824 0.0778351 -0.0394563 0 0 0 0 0 0
-0.0636758 0.0792105 -0.036671 0 0 0 0 0 0
-0.0645166 0.0770146 -0.0314983 0 0 0 0 0 0
-0.0664473 0.0768487 -0.0276743 0 0 0 0 0 0
-0.0880276 0.0433326 -0.0229127 0 0 0 0 0 0
-0.0996494 0.0733882 -0.0149453 0 0 0 0 0 0
-0.109019 0.0727446 -0.000951506 0 0 0 0 0 0
-0.015904 0.130621 -0.00730213 0 0 0 0 0 0
-0.104427 0.0755391 -0.0134929 0 0 0 0 0 0
-0.111209 0.0766076 -0.00204572 0 0 0 0 0 0
-0.120156 0.13041 0.0210636 0 0 0 0 0 0
-0.0292749 0.106248 -0.036609 0 0 0 0 0 0
-0.106177 0.0793384 -0.0136231 0 0 0 0 0 0
-0.10811 0.0768977 -0.0104479 0 0 0 0 0 0
-0.110111 0.0786311 -0.00751663 0 0 0 0 0 0
-0.111595 0.0755658 0.00452216 0 0 0 0 0 0
-0.0225056 0.121398 -0.0239357 0 0 0 0 0 0
-0.0306936 0.107061 -0.0342852 0 0 0 0 0 0
-0.06153 0.0854259 -0.0440585 0 0 0 0 0 0
-0.0652841 0.0841362 -0.0359752 0 0 0 0 0 0
-0.0662574 0.0826955 -0.0304524 0 0 0 0 0 0
-0.0093888 0.0988415 -0.0359901 0 0 0 0 0 0
-0.063962 0.0861431 -0.0408243 0 0 0 0 0 0
-0.100688 0.0803821 -0.0196922 0 0 0 0 0 0
-0.114364 0.0803467 0.00554423 0 0 0 0 0 0
-0.113953 0.0792742 0.0113476 0 0 0 0 0 0
-0.053529 0.104467 -0.033303 0 0 0 0 0 0
-0.0532074 0.12032 -0.0201178 0 0 0 0 0 0
-0.105361 0.086517 -0.0177929 0 0 0 0 0 0
-0.107583 0.0840688 -0.0140588 0 0 0 0 0 0
-0.110012 0.0843478 -0.0108437 0 0 0 0 0 0
-0.112202 0.083417 -0.00671791 0 0 0 0 0 0
-0.113419 0.0819456 -0.000992013 0 0 0 0 0 0
-0.113164 0.0799892 0.0168608 0 0 0 0 0 0
-0.111734 0.078174 0.0180577 0 0 0 0 0 0
0.0249845 0.0728254 -0.0192855 0 0 0 0 0 0
-0.0655075 0.0907161 -0.0346667 0 0 0 0 0 0
-0.0676908 0.0898666 -0.0302179 0 0 0 0 0 0
-0.115142 0.0842177 0.000131121 0 0 0 0 0 0
-0.0619007 0.0922826 -0.0428434 0 0 0 0 0 0
-0.0639753 0.0910625 -0.0393849 0 0 0 0 0 0
-0.115438 0.140374 0.0132132 0 0 0 0 0 0
-0.109039 0.0913587 -0.0132201 0 0 0 0 0 0
-0.110959 0.0909981 -0.0105301 0 0 0 0 0 0
-0.114113 0.0890692 -0.00568432 0 0 0 0 0 0
-0.115038 0.088895 -0.00316199 0 0 0 0 0 0
-0.11657 0.0878303 0.00170245 0 0 0 0 0 0
-0.116923 0.0863721 0.00686545 0 0 0 0 0 0
-0.116344 0.0852699 0.0127249 0 0 0 0 0 0
-0.0934532 0.0386903 -0.0219463 0 0 0 0 0 0
-0.0809579 0.0395923 -0.0283794 0 0 0 0 0 0
-0.0582507 0.0547438 -0.0426002 0 0 0 0 0 0
-0.0473734 0.106411 -0.0329458 0 0 0 0 0 0
-0.053847 0.108229 -0.0293725 0 0 0 0 0 0
-0.0116853 0.0926998 -0.0397043 0 0 0 0 0 0
-0.0256186 0.102992 -0.0405246 0 0 0 0 0 0
-0.0481613 0.0985654 -0.0462486 0 0 0 0 0 0
-0.0407901 0.120999 -0.0215009 0 0 0 0 0 0
-0.00531789 0.117105 -0.0212278 0 0 0 0 0 0
-0.046005 0.0479643 -0.0447263 0 0 0 0 0 0
-0.0642625 0.0425588 -0.0443318 0 0 0 0 0 0
-0.0580762 0.043137 -0.0447687 0 0 0 0 0 0
-0.0413378 0.10721 -0.0340722 0 0 0 0 0 0
-0.0428654 0.126092 -0.0148717 0 0 0 0 0 0
0.00523522 0.100596 -0.0259131 0 0 0 0 0 0
-0.0864108 0.0474409 -0.0204234 0 0 0 0 0 0
-0.0518666 0.105679 -0.0309282 0 0 0 0 0 0
-0.0519242 0.0480323 -0.0456275 0 0 0 0 0 0
-0.0879428 0.0379863 -0.023661 0 0 0 0 0 0
-0.0838416 0.106338 -0.0238409 0 0 0 0 0 0
-0.0256365 0.106674 -0.033344 0 0 0 0 0 0
-0.0457678 0.129292 -0.00422605 0 0 0 0 0 0
-0.00131815 0.101297 -0.0310826 0 0 0 0 0 0
-0.0109371 0.068366 -0.0443454 0 0 0 0 0 0
-0.0497722 0.1055 -0.0343398 0 0 0 0 0 0
0.0160506 0.0657328 -0.0256904 0 0 0 0 0 0
-0.0430638 0.0931975 -0.0479053 0 0 0 0 0 0
-0.0926997 0.0428892 -0.0206309 0 0 0 0 0 0
-0.0225483 0.048403 -0.0435667 0 0 0 0 0 0
-0.0070231 0.0869934 -0.0393615 0 0 0 0 0 0
-0.0564757 0.0994208 -0.0433223 0 0 0 0 0 0
-0.0817273 0.038885 -0.025408 0 0 0 0 0 0
-0.0110484 0.0748725 -0.0433323 0 0 0 0 0 0
-0.0824128 0.133267 0.000154147 0 0 0 0 0 0
-0.0461511 0.0437995 -0.0441083 0 0 0 0 0 0
-0.046577 0.129645 0.000243319 0 0 0 0 0 0
-0.077583 0.130177 0.00024127 0 0 0 0 0 0
-0.0406793 0.130822 -0.00577132 0 0 0 0 0 0
-0.0383078 0.131824 -0.00329131 0 0 0 0 0 0
-0.0339752 0.132434 -0.00408776 0 0 0 0 0 0
-0.0281491 0.13283 -0.00483639 0 0 0 0 0 0
-0.0219499 0.132694 -0.00521977 0 0 0 0 0 0
-0.0872622 0.13357 -0.00224489 0 0 0 0 0 0
-0.0767253 0.129508 -0.00326608 0 0 0 0 0 0
-0.0342426 0.131754 -0.00706887 0 0 0 0 0 0
-0.0281772 0.131987 -0.00752783 0 0 0 0 0 0
-0.021109 0.131481 -0.00862982 0 0 0 0 0 0
-0.0863552 0.128998 -0.00352819 0 0 0 0 0 0
-0.0228337 0.044164 -0.0416762 0 0 0 0 0 0
-0.0280435 0.0432855 -0.0410668 0 0 0 0 0 0
-0.0338072 0.0432846 -0.0416281 0 0 0 0 0 0
-0.0172993 0.0446746 -0.0411492 0 0 0 0 0 0
-0.0268298 0.0480453 -0.0439696 0 0 0 0 0 0
-0.0298717 0.0480601 -0.0441922 0 0 0 0 0 0
-0.0344058 0.0480176 -0.0443023 0 0 0 0 0 0
-0.0893315 0.105764 -0.0215179 0 0 0 0 0 0
-0.0801839 0.155011 0.00137756 0 0 0 0 0 0
-0.0931932 0.0364289 -0.0175041 0 0 0 0 0 0
-0.0956443 0.104856 -0.0188409 0 0 0 0 0 0
-0.101673 0.103781 -0.0155481 0 0 0 0 0 0
-0.064818 0.159037 -0.00360879 0 0 0 0 0 0
0.00501834 0.0433059 -0.0208261 0 0 0 0 0 0
0.00296857 0.0465041 -0.0247891 0 0 0 0 0 0
-0.0155686 0.0549895 -0.0434684 0 0 0 0 0 0
-0.0224886 0.052527 -0.0437623 0 0 0 0 0 0
-0.028527 0.0552985 -0.0449619 0 0 0 0 0 0
-0.0346534 0.0545853 -0.0450951 0 0 0 0 0 0
-0.0408502 0.0546487 -0.045287 0 0 0 0 0 0
-0.0461888 0.0538501 -0.0445743 0 0 0 0 0 0
-0.0526229 0.0553905 -0.0440158 0 0 0 0 0 0
0.00444078 0.0521956 -0.0273822 0 0 0 0 0 0
-0.0637931 0.162013 -0.00594132 0 0 0 0 0 0
0.010697 0.0521574 -0.0261573 0 0 0 0 0 0
-0.0172881 0.0575377 -0.0442585 0 0 0 0 0 0
-0.0222965 0.0568378 -0.0449005 0 0 0 0 0 0
-0.103465 0.0668366 0.0137766 0 0 0 0 0 0
-0.0233756 0.0624159 -0.0467756 0 0 0 0 0 0
-0.0291212 0.0612266 -0.0471026 0 0 0 0 0 0
-0.0337526 0.0594199 -0.0475286 0 0 0 0 0 0
-0.0354908 0.0627944 -0.04771 0 0 0 0 0 0
-0.0414139 0.061318 -0.0478342 0 0 0 0 0 0
-0.0468454 0.0615402 -0.0472492 0 0 0 0 0 0
-0.048174 0.0587136 -0.0460871 0 0 0 0 0 0
-0.0525452 0.0602993 -0.044565 0 0 0 0 0 0
0.0105979 0.0595936 -0.0277848 0 0 0 0 0 0
-0.0170262 0.0626237 -0.0455948 0 0 0 0 0 0
0.0120647 0.0568104 -0.0279646 0 0 0 0 0 0
-0.0119129 0.0634944 -0.0446783 0 0 0 0 0 0
-0.0520397 0.0632012 -0.0456811 0 0 0 0 0 0
-0.0635759 0.0580533 -0.024346 0 0 0 0 0 0
-0.0759454 0.0576344 -0.0226383 0 0 0 0 0 0
-0.0533257 0.166478 -0.00868412 0 0 0 0 0 0
0.0150534 0.0608891 -0.0276055 0 0 0 0 0 0
-0.0249604 0.0654178 -0.0474027 0 0 0 0 0 0
-0.0294612 0.0652738 -0.0471991 0 0 0 0 0 0
-0.0356053 0.0684682 -0.0483868 0 0 0 0 0 0
-0.0417949 0.0683606 -0.0487392 0 0 0 0 0 0
-0.0478867 0.068792 -0.0488983 0 0 0 0 0 0
-0.0527874 0.0681783 -0.0468353 0 0 0 0 0 0
-0.0181681 0.0686658 -0.0459445 0 0 0 0 0 0
-0.0220217 0.0695625 -0.0463479 0 0 0 0 0 0
-0.0250765 0.0695949 -0.0466962 0 0 0 0 0 0
-0.0298092 0.0698218 -0.0477666 0 0 0 0 0 0
-0.063886 0.0633866 -0.0242667 0 0 0 0 0 0
-0.0692059 0.0634135 -0.023613 0 0 0 0 0 0
-0.0761363 0.0627941 -0.0230074 0 0 0 0 0 0
-0.0425901 0.0750945 -0.0491388 0 0 0 0 0 0
-0.0743944 0.0650688 -0.0236462 0 0 0 0 0 0
-0.0172194 0.075316 -0.0453626 0 0 0 0 0 0
-0.0242679 0.0757621 -0.0467045 0 0 0 0 0 0
-0.0295214 0.0752791 -0.0478223 0 0 0 0 0 0
-0.0365319 0.0755312 -0.0487288 0 0 0 0 0 0
-0.0475727 0.0759095 -0.0497854 0 0 0 0 0 0
-0.0669469 0.0660477 -0.0241409 0 0 0 0 0 0
-0.0826773 0.0678755 -0.0199098 0 0 0 0 0 0
-0.0687592 0.07048 -0.0250682 0 0 0 0 0 0
-0.0757559 0.0700356 -0.0241766 0 0 0 0 0 0
-0.0892829 0.065152 -0.013753 0 0 0 0 0 0
-0.108526 0.118805 -0.00287527 0 0 0 0 0 0
-0.0518872 0.0771718 -0.0494072 0 0 0 0 0 0
-0.0875449 0.068052 -0.0169617 0 0 0 0 0 0
-0.0923179 0.0688048 -0.0159188 0 0 0 0 0 0
-0.00707556 0.0812381 -0.0404847 0 0 0 0 0 0
-0.0109464 0.0807447 -0.0427073 0 0 0 0 0 0
-0.0159466 0.0808785 -0.0445839 0 0 0 0 0 0
-0.0194848 0.0811187 -0.0456829 0 0 0 0 0 0
-0.0241869 0.0812394 -0.0464077 0 0 0 0 0 0
-0.0307375 0.0818338 -0.047524 0 0 0 0 0 0
-0.0361657 0.0813251 -0.0481121 0 0 0 0 0 0
-0.0408722 0.0801043 -0.0487141 0 0 0 0 0 0
-0.0434955 0.0825146 -0.0491707 0 0 0 0 0 0
-0.0480873 0.0814462 -0.0498251 0 0 0 0 0 0
-0.0536987 0.0813871 -0.0490983 0 0 0 0 0 0
-0.0571475 0.0795874 -0.0471255 0 0 0 0 0 0
-0.0906666 0.0713242 -0.019106 0 0 0 0 0 0
-0.0697043 0.0765893 -0.0264921 0 0 0 0 0 0
-0.076029 0.0761183 -0.0255034 0 0 0 0 0 0
-0.0829874 0.0747594 -0.0231264 0 0 0 0 0 0
-0.0897807 0.0749888 -0.0224823 0 0 0 0 0 0
-0.0953152 0.0724195 -0.0174918 0 0 0 0 0 0
-0.0579287 0.0822549 -0.0471218 0 0 0 0 0 0
-0.0943232 0.0755926 -0.0209939 0 0 0 0 0 0
-0.0113591 0.0871733 -0.0409495 0 0 0 0 0 0
-0.016515 0.0870435 -0.0429856 0 0 0 0 0 0
-0.0195099 0.0866673 -0.0440627 0 0 0 0 0 0
-0.0239804 0.0869516 -0.0459544 0 0 0 0 0 0
-0.030791 0.0871185 -0.0473698 0 0 0 0 0 0
-0.0350788 0.087252 -0.0478157 0 0 0 0 0 0
-0.038159 0.087352 -0.0483949 0 0 0 0 0 0
-0.0430961 0.0876164 -0.0487296 0 0 0 0 0 0
-0.0479569 0.0873689 -0.0489881 0 0 0 0 0 0
-0.0549301 0.0870373 -0.0484008 0 0 0 0 0 0
-0.0583048 0.086553 -0.0468887 0 0 0 0 0 0
-0.0690771 0.0828883 -0.0274619 0 0 0 0 0 0
-0.0709232 0.08072 -0.0267745 0 0 0 0 0 0
-0.0750268 0.0825875 -0.026762 0 0 0 0 0 0
-0.0777094 0.0801308 -0.0254895 0 0 0 0 0 0
-0.0829211 0.0800322 -0.0250975 0 0 0 0 0 0
-0.0900196 0.0797168 -0.0245562 0 0 0 0 0 0
-0.0953405 0.0803883 -0.0229304 0 0 0 0 0 0
-0.102337 0.0773279 -0.0164444 0 0 0 0 0 0
-0.0852408 0.029643 0.0283036 0 0 0 0 0 0
-0.0837576 0.0826381 -0.0259861 0 0 0 0 0 0
-0.0899459 0.0820975 -0.0252177 0 0 0 0 0 0
-0.0198569 0.0915629 -0.0432057 0 0 0 0 0 0
-0.0242194 0.092767 -0.0443065 0 0 0 0 0 0
-0.03106 0.0929004 -0.0459882 0 0 0 0 0 0
-0.03523 0.0914945 -0.0473697 0 0 0 0 0 0
-0.0373728 0.0934776 -0.0476611 0 0 0 0 0 0
-0.0479826 0.0929797 -0.0483588 0 0 0 0 0 0
-0.0543957 0.0929941 -0.0473774 0 0 0 0 0 0
-0.0582923 0.0921498 -0.0460692 0 0 0 0 0 0
-0.104035 0.0811814 -0.0171905 0 0 0 0 0 0
-0.0174633 0.0935152 -0.0417835 0 0 0 0 0 0
-0.0700585 0.0883243 -0.0284063 0 0 0 0 0 0
-0.076679 0.0877074 -0.0272807 0 0 0 0 0 0
-0.0834161 0.0878461 -0.0272528 0 0 0 0 0 0
-0.0898333 0.0868483 -0.025903 0 0 0 0 0 0
-0.0952693 0.0878165 -0.023699 0 0 0 0 0 0
-0.0974009 0.0848575 -0.0229047 0 0 0 0 0 0
-0.100663 0.0875206 -0.0213013 0 0 0 0 0 0
-0.0384333 0.097673 -0.0461942 0 0 0 0 0 0
-0.0583164 0.0967372 -0.0442213 0 0 0 0 0 0
-0.0198696 0.0975705 -0.0417968 0 0 0 0 0 0
-0.0681627 0.093778 -0.0304572 0 0 0 0 0 0
-0.0394725 0.0426441 -0.0399905 0 0 0 0 0 0
-0.0513826 0.0423918 -0.0391577 0 0 0 0 0 0
-0.0454806 0.0424942 -0.0396538 0 0 0 0 0 0
-0.057238 0.0422442 -0.038793 0 0 0 0 0 0
-0.0274698 0.043283 -0.0363567 0 0 0 0 0 0
-0.021346 0.0427145 -0.0360291 0 0 0 0 0 0
-0.0695745 0.0409967 -0.03686 0 0 0 0 0 0
-0.0632026 0.0420487 -0.037261 0 0 0 0 0 0
-0.0325986 0.0432692 -0.0366414 0 0 0 0 0 0
-0.0453571 0.043579 -0.0367281 0 0 0 0 0 0
-0.0418988 0.0432917 -0.0367519 0 0 0 0 0 0
-0.0394224 0.0454757 -0.0337987 0 0 0 0 0 0
-0.0329781 0.0457809 -0.033496 0 0 0 0 0 0
-0.0272534 0.0454216 -0.0335696 0 0 0 0 0 0
-0.0137229 0.0421311 -0.0308861 0 0 0 0 0 0
-0.0611013 0.0439263 -0.0353545 0 0 0 0 0 0
-0.0570012 0.0442222 -0.0361014 0 0 0 0 0 0
-0.0523052 0.0445673 -0.0361392 0 0 0 0 0 0
-0.0504817 0.0453153 -0.0329411 0 0 0 0 0 0
-0.0455064 0.0455574 -0.0338195 0 0 0 0 0 0
-0.0226282 0.0443353 -0.0332778 0 0 0 0 0 0
-0.0197314 0.0424375 -0.0306204 0 0 0 0 0 0
-0.022625 0.0448208 -0.0293856 0 0 0 0 0 0
-0.0696026 0.0404527 -0.0311419 0 0 0 0 0 0
-0.0629968 0.0446131 -0.0311476 0 0 0 0 0 0
-0.0565484 0.0453746 -0.0323917 0 0 0 0 0 0
-0.0265239 0.0458837 -0.0295313 0 0 0 0 0 0
-0.0665033 0.0422613 -0.0321547 0 0 0 0 0 0
-0.0326456 0.0456553 -0.0282325 0 0 0 0 0 0
-0.0206926 0.0408609 -0.0246506 0 0 0 0 0 0
-0.0144913 0.0406122 -0.0249747 0 0 0 0 0 0
-0.0664658 0.0431021 -0.0300194 0 0 0 0 0 0
-0.0441817 0.0448729 -0.0271624 0 0 0 0 0 0
-0.0384645 0.045252 -0.027727 0 0 0 0 0 0
-0.0743307 0.0384782 -0.0247806 0 0 0 0 0 0
-0.0696134 0.0400863 -0.0251081 0 0 0 0 0 0
-0.0501332 0.0444007 -0.0265222 0 0 0 0 0 0
-0.026378 0.0441598 -0.0233859 0 0 0 0 0 0
-0.0133724 0.0402267 -0.0192973 0 0 0 0 0 0
-0.00822967 0.0400642 -0.0192702 0 0 0 0 0 0
-0.00129201 0.0408833 -0.019663 0 0 0 0 0 0
-0.000661349 0.0426375 -0.022302 0 0 0 0 0 0
-0.0670631 0.0427945 -0.0256844 0 0 0 0 0 0
-0.0626857 0.043683 -0.0250922 0 0 0 0 0 0
-0.0559356 0.0440228 -0.0260592 0 0 0 0 0 0
-0.0320008 0.0443936 -0.0224614 0 0 0 0 0 0
-0.024264 0.0410672 -0.0219943 0 0 0 0 0 0
-0.0194992 0.0398277 -0.0180264 0 0 0 0 0 0
0.00306244 0.0415547 -0.0190657 0 0 0 0 0 0
-0.03786 0.0439919 -0.0219851 0 0 0 0 0 0
-0.0255722 0.0394718 -0.0176219 0 0 0 0 0 0
-0.0699167 0.0381287 -0.0199838 0 0 0 0 0 0
-0.0494349 0.043115 -0.020759 0 0 0 0 0 0
-0.0435913 0.0435343 -0.0213526 0 0 0 0 0 0
-0.0275609 0.0424932 -0.0193317 0 0 0 0 0 0
-0.00629204 0.0398548 -0.014258 0 0 0 0 0 0
-0.00138714 0.0392217 -0.014814 0 0 0 0 0 0
0.0043317 0.0403155 -0.0150934 0 0 0 0 0 0
-0.0807362 0.036996 -0.0189511 0 0 0 0 0 0
-0.0740837 0.0372748 -0.0186611 0 0 0 0 0 0
-0.0622307 0.0424909 -0.0196017 0 0 0 0 0 0
-0.0553764 0.0427977 -0.0203167 0 0 0 0 0 0
-0.0306077 0.0426599 -0.016663 0 0 0 0 0 0
-0.0875006 0.0365935 -0.0180315 0 0 0 0 0 0
-0.0370996 0.0426995 -0.0162673 0 0 0 0 0 0
-0.0249757 0.0378278 -0.012445 0 0 0 0 0 0
-0.0217674 0.0392473 -0.0148438 0 0 0 0 0 0
-0.105988 0.102569 0.0378931 0 0 0 0 0 0
-0.0673245 0.0364321 -0.0136064 0 0 0 0 0 0
-0.0495463 0.0417929 -0.0146673 0 0 0 0 0 0
-0.0429416 0.0422844 -0.0157272 0 0 0 0 0 0
-0.031302 0.0411998 -0.0111997 0 0 0 0 0 0
0.000438428 0.0384056 -0.00876969 0 0 0 0 0 0
0.00551316 0.0396109 -0.00933435 0 0 0 0 0 0
0.0115592 0.042246 -0.0096778 0 0 0 0 0 0
-0.0803539 0.0358149 -0.012614 0 0 0 0 0 0
-0.0742901 0.0362296 -0.0137862 0 0 0 0 0 0
-0.0560458 0.0415447 -0.0145208 0 0 0 0 0 0
-0.028511 0.0388228 -0.0103176 0 0 0 0 0 0
-0.00487887 0.0388184 -0.00702481 0 0 0 0 0 0
0.0173527 0.0451385 -0.00913085 0 0 0 0 0 0
-0.0860873 0.0356551 -0.0125848 0 0 0 0 0 0
-0.0631211 0.0364249 -0.01265 0 0 0 0 0 0
-0.0596484 0.041577 -0.0153428 0 0 0 0 0 0
-0.0366101 0.0414685 -0.0105662 0 0 0 0 0 0
-0.0242069 0.0367437 -0.00671382 0 0 0 0 0 0
-0.0982427 0.0356578 -0.011147 0 0 0 0 0 0
-0.0927369 0.0353065 -0.0116483 0 0 0 0 0 0
-0.0662255 0.0364577 -0.00776382 0 0 0 0 0 0
-0.0606633 0.0357256 -0.00841676 0 0 0 0 0 0
-0.0480623 0.0408208 -0.00987842 0 0 0 0 0 0
-0.0428599 0.0409378 -0.009392 0 0 0 0 0 0
-0.0276196 0.0376885 -0.00748744 0 0 0 0 0 0
-0.0203508 0.036608 -0.00585818 0 0 0 0 0 0
0.000135949 0.0380102 -0.00322339 0 0 0 0 0 0
0.00408335 0.0390089 -0.00490502 0 0 0 0 0 0
0.00672004 0.0401105 -0.00291134 0 0 0 0 0 0
-0.0790333 0.0352857 -0.00783579 0 0 0 0 0 0
-0.0730389 0.0369293 -0.00828531 0 0 0 0 0 0
-0.0539641 0.0403107 -0.00898421 0 0 0 0 0 0
-0.0303478 0.0398801 -0.00565206 0 0 0 0 0 0
-0.00549268 0.0372332 -0.00247789 0 0 0 0 0 0
0.0123847 0.0423754 -0.00350975 0 0 0 0 0 0
0.0172728 0.0448413 -0.00366648 0 0 0 0 0 0
-0.0853387 0.034502 -0.00628062 0 0 0 0 0 0
-0.0363127 0.0401561 -0.00443716 0 0 0 0 0 0
-0.0233893 0.0366149 -0.000977324 0 0 0 0 0 0
-0.017724 0.0361571 -0.001221 0 0 0 0 0 0
0.0199574 0.0463566 -0.0030329 0 0 0 0 0 0
-0.0921138 0.0344536 -0.00590859 0 0 0 0 0 0
-0.0606764 0.0353486 -0.00276079 0 0 0 0 0 0
-0.042003 0.0398763 -0.004196 0 0 0 0 0 0
-0.0117507 0.036086 -0.000435522 0 0 0 0 0 0
-0.0636498 0.036874 -0.00421342 0 0 0 0 0 0
-0.0532082 0.0388032 -0.00305864 0 0 0 0 0 0
-0.0475719 0.0395258 -0.00371395 0 0 0 0 0 0
-0.0288421 0.0393049 0.000273496 0 0 0 0 0 0
-0.0112365 0.035516 0.00363356 0 0 0 0 0 0
-0.00496861 0.0363197 0.00327157 0 0 0 0 0 0
-0.00115918 0.0379232 0.00127247 0 0 0 0 0 0
0.00128323 0.0393065 0.00335496 0 0 0 0 0 0
0.00597272 0.0415056 0.00332876 0 0 0 0 0 0
-0.0806657 0.0337621 -0.00203424 0 0 0 0 0 0
-0.0252288 0.0385419 0.00156 0 0 0 0 0 0
-0.0168018 0.0358862 0.00414727 0 0 0 0 0 0
0.0117622 0.0429831 0.00210285 0 0 0 0 0 0
-0.085545 0.0335749 -0.000860028 0 0 0 0 0 0
-0.0602531 0.0344826 0.00234987 0 0 0 0 0 0
-0.0417396 0.0387934 0.00145403 0 0 0 0 0 0
-0.0353871 0.0391577 0.0011027 0 0 0 0 0 0
-0.0229028 0.0386767 0.00550911 0 0 0 0 0 0
-0.0525703 0.0379141 0.0025136 0 0 0 0 0 0
-0.0469009 0.0382868 0.00283414 0 0 0 0 0 0
-0.0799159 0.0324436 0.00490536 0 0 0 0 0 0
-0.0289651 0.0386736 0.00612966 0 0 0 0 0 0
-0.0182121 0.0380563 0.00702476 0 0 0 0 0 0
-0.0108774 0.0342848 0.0103106 0 0 0 0 0 0
-0.00558169 0.0354183 0.0088765 0 0 0 0 0 0
-0.0020075 0.0377119 0.00674154 0 0 0 0 0 0
-0.0849857 0.0326819 0.00488482 0 0 0 0 0 0
-0.0347208 0.0382522 0.00684723 0 0 0 0 0 0
-0.0169964 0.0377774 0.00997372 0 0 0 0 0 0
-0.0143666 0.0349592 0.0106929 0 0 0 0 0 0
-0.062694 0.0345059 0.00548655 0 0 0 0 0 0
-0.0596593 0.0331199 0.00857223 0 0 0 0 0 0
-0.0527688 0.0367123 0.00896995 0 0 0 0 0 0
-0.0468946 0.0374937 0.00770442 0 0 0 0 0 0
-0.0405943 0.0378984 0.00735735 0 0 0 0 0 0
-0.096667 0.0680029 0.0284159 0 0 0 0 0 0
-0.0645226 0.0330837 0.00901384 0 0 0 0 0 0
-0.0224939 0.0383958 0.0113021 0 0 0 0 0 0
-0.00907769 0.0334174 0.0163147 0 0 0 0 0 0
-0.00541093 0.0347821 0.0135212 0 0 0 0 0 0
-0.0844323 0.0317728 0.0107878 0 0 0 0 0 0
-0.0777443 0.0319168 0.0105425 0 0 0 0 0 0
-0.0702792 0.0319844 0.0103181 0 0 0 0 0 0
-0.0565434 0.0353226 0.0105662 0 0 0 0 0 0
-0.0343101 0.0374169 0.0133183 0 0 0 0 0 0
-0.0281366 0.0377617 0.0132994 0 0 0 0 0 0
-0.0159734 0.0327549 0.0166728 0 0 0 0 0 0
-0.0401679 0.0371147 0.0132136 0 0 0 0 0 0
-0.0205652 0.0324884 0.0178822 0 0 0 0 0 0
-0.0944531 0.0633021 -0.00724156 0 0 0 0 0 0
-0.0924765 0.0618375 -0.0059551 0 0 0 0 0 0
-0.0704721 0.0315391 0.0156186 0 0 0 0 0 0
-0.063508 0.0316413 0.0154373 0 0 0 0 0 0
-0.0592485 0.0326753 0.0145313 0 0 0 0 0 0
-0.0521846 0.0362194 0.0145407 0 0 0 0 0 0
-0.0460777 0.0366217 0.014561 0 0 0 0 0 0
-0.0770161 0.0312107 0.0162563 0 0 0 0 0 0
-0.0565162 0.0353973 0.0143062 0 0 0 0 0 0
-0.026532 0.0321124 0.0195745 0 0 0 0 0 0
-0.0158915 0.0326224 0.0219127 0 0 0 0 0 0
-0.00929996 0.0337117 0.0202278 0 0 0 0 0 0
-0.0921145 0.0598889 -0.000553254 0 0 0 0 0 0
-0.0833015 0.0307546 0.0173288 0 0 0 0 0 0
-0.0392688 0.036536 0.0187376 0 0 0 0 0 0
-0.0341082 0.0369343 0.0180992 0 0 0 0 0 0
-0.0861315 0.0573975 0.00370545 0 0 0 0 0 0
-0.0629651 0.0306253 0.0221657 0 0 0 0 0 0
-0.0575101 0.0308433 0.0206325 0 0 0 0 0 0
-0.0448248 0.0361388 0.019395 0 0 0 0 0 0
-0.0326473 0.0310208 0.024406 0 0 0 0 0 0
-0.0269859 0.031481 0.0244335 0 0 0 0 0 0
-0.0981125 0.0622703 -0.000123862 0 0 0 0 0 0
-0.0693549 0.0304196 0.0224217 0 0 0 0 0 0
-0.0503472 0.0358171 0.0190573 0 0 0 0 0 0
-0.0383809 0.0306708 0.0254877 0 0 0 0 0 0
-0.0909167 0.0585127 0.00478372 0 0 0 0 0 0
-0.0774024 0.0300036 0.022716 0 0 0 0 0 0
-0.0836754 0.0296046 0.0239008 0 0 0 0 0 0
-0.0566519 0.0301054 0.0270538 0 0 0 0 0 0
-0.0500024 0.0302733 0.0261014 0 0 0 0 0 0
-0.0452731 0.0303505 0.026279 0 0 0 0 0 0
-0.0901934 0.0584822 0.00899341 0 0 0 0 0 0
-0.0709409 0.0300322 0.0263787 0 0 0 0 0 0
-0.0354894 0.0306101 0.0288902 0 0 0 0 0 0
-0.0396035 0.0300962 0.0302012 0 0 0 0 0 0
-0.0793688 0.147215 0.00421358 0 0 0 0 0 0
-0.0585478 0.159826 -0.00295916 0 0 0 0 0 0
-0.0972478 0.147766 -0.0072271 0 0 0 0 0 0
-0.101242 0.159078 -0.0303949 0 0 0 0 0 0
-0.0990571 0.149077 -0.011458 0 0 0 0 0 0
-0.0730002 0.154527 -0.000779901 0 0 0 0 0 0
